<Qucs Dataset 1.0.5>
<indep frequency 141>
  +1.00000000000000000000e+08
  +1.10000000000000000000e+08
  +1.20000000000000000000e+08
  +1.30000000000000000000e+08
  +1.40000000000000000000e+08
  +1.50000000000000000000e+08
  +1.60000000000000000000e+08
  +1.70000000000000000000e+08
  +1.80000000000000000000e+08
  +1.90000000000000000000e+08
  +2.00000000000000000000e+08
  +2.10000000000000000000e+08
  +2.20000000000000000000e+08
  +2.30000000000000000000e+08
  +2.40000000000000000000e+08
  +2.50000000000000000000e+08
  +2.60000000000000000000e+08
  +2.70000000000000000000e+08
  +2.80000000000000000000e+08
  +2.90000000000000000000e+08
  +3.00000000000000000000e+08
  +3.10000000000000000000e+08
  +3.20000000000000000000e+08
  +3.30000000000000000000e+08
  +3.40000000000000000000e+08
  +3.50000000000000000000e+08
  +3.60000000000000000000e+08
  +3.70000000000000000000e+08
  +3.80000000000000000000e+08
  +3.90000000000000000000e+08
  +4.00000000000000000000e+08
  +4.10000000000000000000e+08
  +4.20000000000000000000e+08
  +4.30000000000000000000e+08
  +4.40000000000000000000e+08
  +4.50000000000000000000e+08
  +4.60000000000000000000e+08
  +4.70000000000000000000e+08
  +4.80000000000000000000e+08
  +4.90000000000000000000e+08
  +5.00000000000000000000e+08
  +5.10000000000000000000e+08
  +5.20000000000000000000e+08
  +5.30000000000000000000e+08
  +5.40000000000000000000e+08
  +5.50000000000000000000e+08
  +5.60000000000000000000e+08
  +5.70000000000000000000e+08
  +5.80000000000000000000e+08
  +5.90000000000000000000e+08
  +6.00000000000000000000e+08
  +6.10000000000000000000e+08
  +6.20000000000000000000e+08
  +6.30000000000000000000e+08
  +6.40000000000000000000e+08
  +6.50000000000000000000e+08
  +6.60000000000000000000e+08
  +6.70000000000000000000e+08
  +6.80000000000000000000e+08
  +6.90000000000000000000e+08
  +7.00000000000000000000e+08
  +7.10000000000000000000e+08
  +7.20000000000000000000e+08
  +7.30000000000000000000e+08
  +7.40000000000000000000e+08
  +7.50000000000000000000e+08
  +7.60000000000000000000e+08
  +7.70000000000000000000e+08
  +7.80000000000000000000e+08
  +7.90000000000000000000e+08
  +8.00000000000000000000e+08
  +8.10000000000000000000e+08
  +8.20000000000000000000e+08
  +8.30000000000000000000e+08
  +8.40000000000000000000e+08
  +8.50000000000000000000e+08
  +8.60000000000000000000e+08
  +8.70000000000000000000e+08
  +8.80000000000000000000e+08
  +8.90000000000000000000e+08
  +9.00000000000000000000e+08
  +9.10000000000000000000e+08
  +9.20000000000000000000e+08
  +9.30000000000000000000e+08
  +9.40000000000000000000e+08
  +9.50000000000000000000e+08
  +9.60000000000000000000e+08
  +9.70000000000000000000e+08
  +9.80000000000000000000e+08
  +9.90000000000000000000e+08
  +1.00000000000000000000e+09
  +1.01000000000000000000e+09
  +1.02000000000000000000e+09
  +1.03000000000000000000e+09
  +1.04000000000000000000e+09
  +1.05000000000000000000e+09
  +1.06000000000000000000e+09
  +1.07000000000000000000e+09
  +1.08000000000000000000e+09
  +1.09000000000000000000e+09
  +1.10000000000000000000e+09
  +1.11000000000000000000e+09
  +1.12000000000000000000e+09
  +1.13000000000000000000e+09
  +1.14000000000000000000e+09
  +1.15000000000000000000e+09
  +1.16000000000000000000e+09
  +1.17000000000000000000e+09
  +1.18000000000000000000e+09
  +1.19000000000000000000e+09
  +1.20000000000000000000e+09
  +1.21000000000000000000e+09
  +1.22000000000000000000e+09
  +1.23000000000000000000e+09
  +1.24000000000000000000e+09
  +1.25000000000000000000e+09
  +1.26000000000000000000e+09
  +1.27000000000000000000e+09
  +1.28000000000000000000e+09
  +1.29000000000000000000e+09
  +1.30000000000000000000e+09
  +1.31000000000000000000e+09
  +1.32000000000000000000e+09
  +1.33000000000000000000e+09
  +1.34000000000000000000e+09
  +1.35000000000000000000e+09
  +1.36000000000000000000e+09
  +1.37000000000000000000e+09
  +1.38000000000000000000e+09
  +1.39000000000000000000e+09
  +1.40000000000000000000e+09
  +1.41000000000000000000e+09
  +1.42000000000000000000e+09
  +1.43000000000000000000e+09
  +1.44000000000000000000e+09
  +1.45000000000000000000e+09
  +1.46000000000000000000e+09
  +1.47000000000000000000e+09
  +1.48000000000000000000e+09
  +1.49000000000000000000e+09
  +1.50000000000000000000e+09
</indep>
<dep dBS12 frequency>
  -5.06565918935893861885e+01
  -4.72452588686568191179e+01
  -4.43432141965304396081e+01
  -4.16740793764756176643e+01
  -3.93318661637533608655e+01
  -3.72121921176417131960e+01
  -3.54968172851849033123e+01
  -3.39927211446755350721e+01
  -3.29006235965169651081e+01
  -3.19760182102010830363e+01
  -3.12407538813603835592e+01
  -3.07155693924535313499e+01
  -3.02929738655291913574e+01
  -2.98613236715834808876e+01
  -2.95717121858620757280e+01
  -2.92373971629147924034e+01
  -2.89750978396369873735e+01
  -2.88413865899190788866e+01
  -2.85094977374391866931e+01
  -2.83480165936487722433e+01
  -2.81819300636433887064e+01
  -2.80425889348773722531e+01
  -2.77777763662124925759e+01
  -2.76364845417168325525e+01
  -2.74608673891020984570e+01
  -2.72976630387576832959e+01
  -2.71747578868670629504e+01
  -2.70254213149134834282e+01
  -2.68357836575203911877e+01
  -2.67593885958165778050e+01
  -2.66034020977657164053e+01
  -2.64702680783690809108e+01
  -2.63876060519767605683e+01
  -2.62563786410997721532e+01
  -2.61565582763119728327e+01
  -2.60181371223814004168e+01
  -2.58541027677951973374e+01
  -2.57922800876178861529e+01
  -2.56928305994452657046e+01
  -2.55611910953378860256e+01
  -2.54939818056061398011e+01
  -2.53562267166716068800e+01
  -2.52718899625266004705e+01
  -2.51354595984565811762e+01
  -2.50920190564105283215e+01
  -2.49776728258366986779e+01
  -2.48637633994568858498e+01
  -2.47725687469931443729e+01
  -2.46630234900578706458e+01
  -2.45334292842454750883e+01
  -2.45160684503980697002e+01
  -2.43789381345870026507e+01
  -2.43131099389620928264e+01
  -2.42477237853108498200e+01
  -2.41126173420625988797e+01
  -2.40286358539060174166e+01
  -2.39826538247351592759e+01
  -2.38997360870648947184e+01
  -2.37955738905799130123e+01
  -2.36918143531464338025e+01
  -2.36501950232574564836e+01
  -2.35888099644210136319e+01
  -2.35073842507167221072e+01
  -2.34379132694796723513e+01
  -2.33771207141747439096e+01
  -2.32573792718783423084e+01
  -2.32080833780212394402e+01
  -2.31193392495215341853e+01
  -2.30299392346023665823e+01
  -2.29514092349986285058e+01
  -2.29539580982837563283e+01
  -2.28253562304310229081e+01
  -2.27573611623043348118e+01
  -2.26903367257707664351e+01
  -2.26527707528438853046e+01
  -2.25765422472948706911e+01
  -2.25196740195903970516e+01
  -2.24325425605246877581e+01
  -2.23668014860438120195e+01
  -2.23206561048386973312e+01
  -2.22544142361443029188e+01
  -2.21888646558584454738e+01
  -2.21127520520085596445e+01
  -2.20569853908482684801e+01
  -2.19912054130472753855e+01
  -2.19255354599940517346e+01
  -2.18696708017192911200e+01
  -2.18045509978903027104e+01
  -2.17386013878889450268e+01
  -2.17027833405308143710e+01
  -2.16466396041215745072e+01
  -2.15512667125248391642e+01
  -2.15058374248047066146e+01
  -2.14706775394007607360e+01
  -2.14157581739998228443e+01
  -2.13400697629199171956e+01
  -2.12945161134831586480e+01
  -2.12497906040394397564e+01
  -2.11430622364966289695e+01
  -2.11080839708958905021e+01
  -2.10613363322311286652e+01
  -2.10347793323426941470e+01
  -2.09488484364149485373e+01
  -2.09126678809896127120e+01
  -2.08366089279308823734e+01
  -2.07704362603083723116e+01
  -2.07346687241014535630e+01
  -2.06785874238897875443e+01
  -2.06422088583882512580e+01
  -2.05659393507005852086e+01
  -2.05199295598857318623e+01
  -2.04828641013042869190e+01
  -2.04258234570564631838e+01
  -2.03879755688119317369e+01
  -2.03012139484400577771e+01
  -2.02738832091473284436e+01
  -2.02570990375972037612e+01
  -2.01799539446857920666e+01
  -2.01041320563713377112e+01
  -2.00862850738387521687e+01
  -2.00491033896294439387e+01
  -1.99528887692904035589e+01
  -1.99150959566179110993e+01
  -1.98886183280923454220e+01
  -1.98410580126442717130e+01
  -1.97930994031899203378e+01
  -1.97453668341897277116e+01
  -1.96770404812847630183e+01
  -1.96294112942727174698e+01
  -1.95624423948350454339e+01
  -1.95464279675614811538e+01
  -1.94989061506271497137e+01
  -1.94510013928447236253e+01
  -1.93936167263024188401e+01
  -1.93775680128919916001e+01
  -1.93197216892630372342e+01
  -1.92826265269196142071e+01
  -1.92452102263157414086e+01
  -1.91579672731357000259e+01
  -1.91403080310383053586e+01
  -1.91034356108718377243e+01
</dep>
<dep dBS21 frequency>
  +4.58340810641060780739e+00
  +7.39474113134317523333e+00
  +9.95678580346956820790e+00
  +1.22359206235243789251e+01
  +1.42981338362466452452e+01
  +1.60578078823582863777e+01
  +1.75131827148150946982e+01
  +1.86772788553244666332e+01
  +1.95193764034830365972e+01
  +2.01439817897989179585e+01
  +2.05992461186396198514e+01
  +2.09044306075464731975e+01
  +2.11070261344708107742e+01
  +2.12386763284165169807e+01
  +2.13282878141379228509e+01
  +2.13826028370852085914e+01
  +2.13949021603630065158e+01
  +2.13886134100809286451e+01
  +2.14105022625608079068e+01
  +2.14119834063512328726e+01
  +2.14080699363566182569e+01
  +2.13874110651226310154e+01
  +2.13622236337875008871e+01
  +2.13435154582831643211e+01
  +2.13091326108979082221e+01
  +2.12723369612423205410e+01
  +2.12352421131329336390e+01
  +2.11845786850865245299e+01
  +2.11342163424796112281e+01
  +2.10806114041834220529e+01
  +2.10465979022342892790e+01
  +2.09797319216309183787e+01
  +2.09323939480232326105e+01
  +2.08836213589002284152e+01
  +2.08234417236880346991e+01
  +2.07618628776185971674e+01
  +2.07058972322047978309e+01
  +2.06477199123821080207e+01
  +2.05871694005547283268e+01
  +2.05188089046621158218e+01
  +2.04560181943938523830e+01
  +2.04037732833283982359e+01
  +2.03281100374734009506e+01
  +2.02645404015434138500e+01
  +2.01879809435894657099e+01
  +2.01323271741633078591e+01
  +2.00562366005431158555e+01
  +1.99974312530068623062e+01
  +1.99269765099421292120e+01
  +1.98465707157545203643e+01
  +1.97839315496019310103e+01
  +1.97110618654129936544e+01
  +1.96368900610379100158e+01
  +1.95622762146891489010e+01
  +1.94873826579373989887e+01
  +1.94213641460939818728e+01
  +1.93473461752648425716e+01
  +1.92802639129351049974e+01
  +1.92044261094200905404e+01
  +1.91381856468535644922e+01
  +1.90698049767425459322e+01
  +1.89911900355789811101e+01
  +1.89226157492832811613e+01
  +1.88420867305203252329e+01
  +1.87628792858252566589e+01
  +1.87026207281216620970e+01
  +1.86219166219787588545e+01
  +1.85506607504784675200e+01
  +1.84700607653976369704e+01
  +1.84085907650013744785e+01
  +1.83260419017162483613e+01
  +1.82546437695689753866e+01
  +1.81826388376956629145e+01
  +1.81096632742292378282e+01
  +1.80472292471561104321e+01
  +1.79634577527051284562e+01
  +1.79003259804095975483e+01
  +1.78274574394753102524e+01
  +1.77531985139561854226e+01
  +1.76793438951613097743e+01
  +1.76155857638556980760e+01
  +1.75411353441415549526e+01
  +1.74772479479914402134e+01
  +1.74030146091517252671e+01
  +1.73387945869527300147e+01
  +1.72644645400059495444e+01
  +1.71903291982807147065e+01
  +1.71354490021096985686e+01
  +1.70613986121110556837e+01
  +1.69972166594691920238e+01
  +1.69233603958784293297e+01
  +1.68587332874751609779e+01
  +1.67941625751952905432e+01
  +1.67293224605992421061e+01
  +1.66642418260001718977e+01
  +1.65999302370800840833e+01
  +1.65254838865168416362e+01
  +1.64602093959605646489e+01
  +1.64069377635033717411e+01
  +1.63419160291041087874e+01
  +1.62786636677688747454e+01
  +1.62152206676573129585e+01
  +1.61511515635850528838e+01
  +1.60873321190103908407e+01
  +1.60233910720691170582e+01
  +1.59595637396916316675e+01
  +1.59153312758985485686e+01
  +1.58414125761102120293e+01
  +1.57777911416117433419e+01
  +1.57240606492994157151e+01
  +1.56600704401142731825e+01
  +1.56071358986957093862e+01
  +1.55441765429435356793e+01
  +1.54820244311880585997e+01
  +1.54287860515599373201e+01
  +1.53761167908526736881e+01
  +1.53229009624027963099e+01
  +1.52600460553142092124e+01
  +1.52058679436286574571e+01
  +1.51537149261612533735e+01
  +1.50908966103705566297e+01
  +1.50371112307095966543e+01
  +1.49849040433820910323e+01
  +1.49213816719076497463e+01
  +1.48689419873557309160e+01
  +1.48169005968100737647e+01
  +1.47646331658102791806e+01
  +1.47129595187152375502e+01
  +1.46605887057272799012e+01
  +1.46075576051649562714e+01
  +1.45535720324385167146e+01
  +1.45110938493728518495e+01
  +1.44489986071552678482e+01
  +1.44063832736975783178e+01
  +1.43524319871080088262e+01
  +1.43002783107369602078e+01
  +1.42473734730803833770e+01
  +1.41947897736842580940e+01
  +1.41420327268642953555e+01
  +1.40896919689616932914e+01
  +1.40465643891281626310e+01
</dep>
<dep dBS22 frequency>
  -8.49232907827945382451e+00
  -7.36170941240541409911e+00
  -6.44491181518418265739e+00
  -5.72012320583053579526e+00
  -5.11656315007022755026e+00
  -4.70427178482805974369e+00
  -4.52618668892307773888e+00
  -4.55064612708306537314e+00
  -4.80424785094964423848e+00
  -5.21112480485711415668e+00
  -5.70410707211500334068e+00
  -6.28848931497605256880e+00
  -6.92460744441205910960e+00
  -7.58215782000715599054e+00
  -8.26132742310720402656e+00
  -8.82156841000695912669e+00
  -9.55709925225233547508e+00
  -1.00386462596587264784e+01
  -1.04045143005346254483e+01
  -1.09723180229997847590e+01
  -1.14187990353128814291e+01
  -1.18895189260835554279e+01
  -1.23034794090348054141e+01
  -1.27712929316471974772e+01
  -1.30746596872444360571e+01
  -1.34672559180970292658e+01
  -1.38305913667915731935e+01
  -1.41643338769758404538e+01
  -1.45243846609384696933e+01
  -1.48544208817412268786e+01
  -1.52368428887263736016e+01
  -1.54631912065535548351e+01
  -1.59143584645596014582e+01
  -1.62159773925420509499e+01
  -1.66770328213574217102e+01
  -1.69717991431527330803e+01
  -1.72528051210199748766e+01
  -1.75919266425947107280e+01
  -1.79347723019110638631e+01
  -1.82255718954899279538e+01
  -1.86226403039302894626e+01
  -1.90556142355363355989e+01
  -1.94410398221077400649e+01
  -1.96449707413597423056e+01
  -2.03435560943571971393e+01
  -2.08031329290486866057e+01
  -2.12448943836056045598e+01
  -2.16219635352119645688e+01
  -2.20838483130964711165e+01
  -2.27466211885071665222e+01
  -2.33731591665431182037e+01
  -2.38641077194806001671e+01
  -2.47373748671422113432e+01
  -2.52037454078373883704e+01
  -2.59870489141348741668e+01
  -2.66827442295128811622e+01
  -2.75749985456001986961e+01
  -2.86903248815847824460e+01
  -2.98710653639831349437e+01
  -3.12295502618392646355e+01
  -3.23010016015122189970e+01
  -3.42092801699960276096e+01
  -3.57389187800431145092e+01
  -3.72722221058130855909e+01
  -4.05524825043158827498e+01
  -4.42820663051249567843e+01
  -4.51423626415317897909e+01
  -4.31265593941266587308e+01
  -3.97830645818953740900e+01
  -3.73867661864218376877e+01
  -3.47390038075827476405e+01
  -3.38854887580950219217e+01
  -3.24355371857703431715e+01
  -3.13407712492541605798e+01
  -3.01833292171372882251e+01
  -2.92143040595167704510e+01
  -2.84851291297748261400e+01
  -2.78145004499919501484e+01
  -2.71242740181515387121e+01
  -2.65167579679995490949e+01
  -2.60390705464049467821e+01
  -2.56282029517739040614e+01
  -2.50404624826133037629e+01
  -2.46295876807784033247e+01
  -2.42373450568446280329e+01
  -2.38928837859318576875e+01
  -2.34512133416407024811e+01
  -2.32559613985773268041e+01
  -2.29278277509794783384e+01
  -2.26886334778684073399e+01
  -2.24860320555086943273e+01
  -2.22267312636070073495e+01
  -2.20022348177330329122e+01
  -2.17484985018867362783e+01
  -2.14987371425306150741e+01
  -2.13469082756515682320e+01
  -2.11640714726941290280e+01
  -2.09225659095422287237e+01
  -2.08485736081188441915e+01
  -2.06223418651714531791e+01
  -2.05392856926075886292e+01
  -2.04765147448200295344e+01
  -2.03260031116905821591e+01
  -2.02094135453191086071e+01
  -2.00684437063552252312e+01
  -1.99694497118810865288e+01
  -1.98106416548945176714e+01
  -1.97079904171199906671e+01
  -1.96289697507964682188e+01
  -1.95378404532139526850e+01
  -1.94239333730483174634e+01
  -1.93742772874557012130e+01
  -1.92977118757265273530e+01
  -1.92831690887186582017e+01
  -1.91907081337630458506e+01
  -1.91176629077407831403e+01
  -1.89794725184011703334e+01
  -1.89253282834862552875e+01
  -1.87203405506475171194e+01
  -1.86881581045581839362e+01
  -1.86225413594050763777e+01
  -1.84674012107848248831e+01
  -1.84303052039367472048e+01
  -1.82974804180855166180e+01
  -1.82267142846712673077e+01
  -1.81712340583434368568e+01
  -1.80899938380898142043e+01
  -1.80341347452042164434e+01
  -1.79365787060709962475e+01
  -1.77696920491586283219e+01
  -1.75682586471016506380e+01
  -1.74582451480087570417e+01
  -1.73493198658808580603e+01
  -1.72336514013502686282e+01
  -1.70514934048322928106e+01
  -1.69544541161429016540e+01
  -1.68261338986269102236e+01
  -1.67026742577491447150e+01
  -1.65709292320893730732e+01
  -1.64668660552281878040e+01
  -1.62956878133652907081e+01
</dep>
<dep K frequency>
  +7.04153860481068605282e+00
  +4.08278494974083194791e+00
  +2.73591826629886991640e+00
  +2.04973991600670490953e+00
  +1.68513457013620104874e+00
  +1.47777825806949092424e+00
  +1.36527942166138838154e+00
  +1.28998665635727038925e+00
  +1.25418878640203224073e+00
  +1.22608990606056122985e+00
  +1.20563102243794428858e+00
  +1.19574299778280224160e+00
  +1.18976019924502551817e+00
  +1.18060733204439238797e+00
  +1.17908792077448310032e+00
  +1.17255875624156824522e+00
  +1.17046261604840706738e+00
  +1.17469107173147424561e+00
  +1.16435212331410919973e+00
  +1.16609846034063324716e+00
  +1.16619914866796170472e+00
  +1.16782993501259357849e+00
  +1.16162512623765334929e+00
  +1.16208419199991785931e+00
  +1.16065566560266097973e+00
  +1.15901862252325282832e+00
  +1.15988327577832839310e+00
  +1.15922368550688226208e+00
  +1.15564975277397685716e+00
  +1.15916566994088832132e+00
  +1.15603253271466033247e+00
  +1.15620360107932840243e+00
  +1.15819836540275700187e+00
  +1.15682247802538551440e+00
  +1.15801820790019416307e+00
  +1.15646977139144069291e+00
  +1.15225991987398646010e+00
  +1.15478263521096624622e+00
  +1.15465797250989710143e+00
  +1.15301530478697733528e+00
  +1.15484847927497025211e+00
  +1.15133873640246320313e+00
  +1.15245844233010563684e+00
  +1.14939496189664036585e+00
  +1.15317134270051480094e+00
  +1.15081164882622566381e+00
  +1.14965505599409367754e+00
  +1.14862175771799845947e+00
  +1.14704189045459203911e+00
  +1.14482928870907918473e+00
  +1.14847736363964303408e+00
  +1.14495551637400461154e+00
  +1.14610249738178127110e+00
  +1.14708850343543522499e+00
  +1.14363067185922751001e+00
  +1.14276015250271445467e+00
  +1.14480623875267517597e+00
  +1.14398688991339980703e+00
  +1.14226652037024667408e+00
  +1.13992126949506578093e+00
  +1.14152980432378092779e+00
  +1.14255146634985527143e+00
  +1.14154009892028529549e+00
  +1.14205915674559288497e+00
  +1.14299120844778778761e+00
  +1.13891261866278714621e+00
  +1.14057473642002649150e+00
  +1.13907890753442231357e+00
  +1.13810865832668128839e+00
  +1.13652297392294387990e+00
  +1.14145561540619300267e+00
  +1.13723674494633097964e+00
  +1.13689143993183461312e+00
  +1.13672429265110030983e+00
  +1.13761180283435181515e+00
  +1.13761060056317453437e+00
  +1.13734842182838491453e+00
  +1.13571971628360279816e+00
  +1.13564127342776965968e+00
  +1.13671582281220473476e+00
  +1.13584321526621900844e+00
  +1.13575809982192588166e+00
  +1.13404647096716981736e+00
  +1.13450724705232408596e+00
  +1.13365374263922280562e+00
  +1.13332721886034182290e+00
  +1.13368466656064992293e+00
  +1.13238824596153797586e+00
  +1.13210122975830373981e+00
  +1.13309936997795390745e+00
  +1.13337208712018799872e+00
  +1.13076750645594015232e+00
  +1.13145886198896827857e+00
  +1.13242414811697900134e+00
  +1.13229387548424598187e+00
  +1.13075459041863513043e+00
  +1.13192659803020667653e+00
  +1.13253816277176633243e+00
  +1.12813042969073795696e+00
  +1.12915092937934358197e+00
  +1.12976903381005122640e+00
  +1.13143636928938895458e+00
  +1.12923117531231209654e+00
  +1.13019717420317511447e+00
  +1.12904882562462449691e+00
  +1.12816355714037586111e+00
  +1.12781814036613226016e+00
  +1.12863248718959185979e+00
  +1.12954495449657876804e+00
  +1.12746549537929019458e+00
  +1.12808795832008534887e+00
  +1.12853854645947571100e+00
  +1.12791104560291843839e+00
  +1.12911623147456841032e+00
  +1.12631281399830651679e+00
  +1.12734859399020082016e+00
  +1.12908311311199782700e+00
  +1.12796325794908391948e+00
  +1.12559336451435032522e+00
  +1.12770167374016661022e+00
  +1.12876680127059247916e+00
  +1.12540813321584920459e+00
  +1.12566172655277818571e+00
  +1.12702114400219532975e+00
  +1.12696731451990772577e+00
  +1.12661177811369839219e+00
  +1.12630706692078952358e+00
  +1.12486480710363800917e+00
  +1.12505231664833149630e+00
  +1.12349061885778800374e+00
  +1.12520014484957719958e+00
  +1.12478812003005868014e+00
  +1.12512225028674350824e+00
  +1.12377869723820889014e+00
  +1.12533452462163752195e+00
  +1.12471800807086075302e+00
  +1.12487829928264981838e+00
  +1.12529390982728516590e+00
  +1.12230409040278655830e+00
  +1.12425945471514476814e+00
  +1.12417088361018624454e+00
</dep>
<dep dBS11 frequency>
  -3.50087011622046140324e-01
  -4.17969888582749915518e-01
  -5.21408113931082328740e-01
  -6.76684085285661374165e-01
  -9.09313069146176156110e-01
  -1.23464399446061334764e+00
  -1.65646362210983078000e+00
  -2.16367472125129367555e+00
  -2.72070121839758360949e+00
  -3.29030649510371198119e+00
  -3.84524773656118767917e+00
  -4.35532591874978169955e+00
  -4.81263796214995487333e+00
  -5.22882223097525411504e+00
  -5.61055469809152107530e+00
  -5.98264254736943446034e+00
  -6.30151724693284087664e+00
  -6.60807968882305374336e+00
  -6.94866649862584928599e+00
  -7.27475762996946162531e+00
  -7.60201776562706843521e+00
  -7.92244973349094383508e+00
  -8.27753649112956857437e+00
  -8.60142740310177877916e+00
  -8.96606237436740372004e+00
  -9.28629966255978622769e+00
  -9.62982851911704784698e+00
  -9.96590587271353101073e+00
  -1.03267940568983291882e+01
  -1.06953063470767659737e+01
  -1.10797781607922285474e+01
  -1.14761137632845482415e+01
  -1.18920089352232505320e+01
  -1.23219107673094914190e+01
  -1.27833928595822072793e+01
  -1.32586747977005323662e+01
  -1.37129788325488544132e+01
  -1.41791557126537703937e+01
  -1.46431455602312166064e+01
  -1.52017211770750382271e+01
  -1.57149833866977743924e+01
  -1.62851745161591630051e+01
  -1.68206683922658868369e+01
  -1.75023108254453809707e+01
  -1.81797935764909794898e+01
  -1.89264041480923914662e+01
  -1.97452647100854541407e+01
  -2.05764044830226566773e+01
  -2.14552043850002505110e+01
  -2.24140173122160355490e+01
  -2.33862209222868777658e+01
  -2.44962669459809809780e+01
  -2.57371221122448226026e+01
  -2.71538822969246105288e+01
  -2.89532227282298073590e+01
  -3.10549380711940870015e+01
  -3.37352895621318467079e+01
  -3.71149320406184486387e+01
  -4.14835682259067866084e+01
  -3.98562580453747301590e+01
  -3.67191611936067587862e+01
  -3.35328294029067990323e+01
  -3.14347632023341247987e+01
  -2.95524359685816762067e+01
  -2.79532853965431229426e+01
  -2.68110529724518151795e+01
  -2.57496418326649667563e+01
  -2.47641222953049542355e+01
  -2.38994127784620644661e+01
  -2.30946629376417789103e+01
  -2.23962730534698692964e+01
  -2.17739795710633146086e+01
  -2.11882534776074002991e+01
  -2.07353773339965883338e+01
  -2.02137596253586373507e+01
  -1.98613090448022120427e+01
  -1.94826309465874025761e+01
  -1.90976283411598828366e+01
  -1.87717117179356449697e+01
  -1.84533491478832303301e+01
  -1.81963224252365591838e+01
  -1.79191407411666574490e+01
  -1.76118151103395064183e+01
  -1.73708121374124786485e+01
  -1.71751268141003414769e+01
  -1.69195488361602599525e+01
  -1.67342738362048066847e+01
  -1.65512601628944473475e+01
  -1.64160232721040664217e+01
  -1.62504934860092618010e+01
  -1.60866124844382731851e+01
  -1.59849981323612784223e+01
  -1.59148315202965946469e+01
  -1.57798234855576104962e+01
  -1.56694696163059212779e+01
  -1.55487318395834073215e+01
  -1.54822005886394258312e+01
  -1.54034009563473972548e+01
  -1.52709076573367745766e+01
  -1.51796796654453398645e+01
  -1.51993417984685947886e+01
  -1.51487138754893120307e+01
  -1.50935237805103010800e+01
  -1.50635344036138398849e+01
  -1.51025299739727341120e+01
  -1.50657986782787407520e+01
  -1.50390675639724449297e+01
  -1.50731052527123132734e+01
  -1.50398138009648860702e+01
  -1.50197433625048386574e+01
  -1.50376955865862171891e+01
  -1.50444060033979063462e+01
  -1.50430420141540857060e+01
  -1.51146532089190017700e+01
  -1.51377068842472368715e+01
  -1.52015173013618092313e+01
  -1.53162236104191773478e+01
  -1.53853705600366534867e+01
  -1.54551702861406603517e+01
  -1.55659521976042807268e+01
  -1.56066520435275855050e+01
  -1.56833102416713536797e+01
  -1.57121045775860519456e+01
  -1.57366574335487001690e+01
  -1.58482576307108224967e+01
  -1.59389497695888060491e+01
  -1.60474802658411803691e+01
  -1.61887106727922187588e+01
  -1.63645022013370855518e+01
  -1.65550636894241698371e+01
  -1.66898010796104436793e+01
  -1.68902634757082310557e+01
  -1.70217357440871026597e+01
  -1.71765853932421492800e+01
  -1.72970262623833761495e+01
  -1.74529767582780905855e+01
  -1.75417927434073668280e+01
  -1.77163077591802959887e+01
  -1.78859686664578809712e+01
  -1.80549053136127248820e+01
  -1.83184844465582408191e+01
</dep>
<dep Rn frequency>
  +2.22409483108078342983e-01
  +2.00802368253571478229e-01
  +1.83797345443428516987e-01
  +1.70182025403023573507e-01
  +1.59092519203590965216e-01
  +1.49970936744165894705e-01
  +1.42386372642243685949e-01
  +1.36037389503172401195e-01
  +1.30687461206924537827e-01
  +1.26159581302409506964e-01
  +1.22312562993736384520e-01
  +1.19037223100399228159e-01
  +1.16247500725753530326e-01
  +1.13872299376983732166e-01
  +1.11850504222644947516e-01
  +1.10140480515805161410e-01
  +1.08695487669078355575e-01
  +1.07493026174150352325e-01
  +1.06493624341322520865e-01
  +1.05672666442677712362e-01
  +1.05016715335598573300e-01
  +1.04507573371555181896e-01
  +1.04128286763924146618e-01
  +1.03862763667732657669e-01
  +1.03707243580363581148e-01
  +1.03646102525998096144e-01
  +1.03671108475621817635e-01
  +1.03777406194834831421e-01
  +1.03953896779087215374e-01
  +1.04197499469900048408e-01
  +1.04499775531979907650e-01
  +1.04860902191903623826e-01
  +1.05270202369881132887e-01
  +1.05728356532021727787e-01
  +1.06230428935660037304e-01
  +1.06773763036792146419e-01
  +1.07354980910447317388e-01
  +1.07971276327559484454e-01
  +1.08620708253352460382e-01
  +1.09301195059084199634e-01
  +1.10009828837967477133e-01
  +1.10745424802036002143e-01
  +1.11507042768666117527e-01
  +1.12290956586034607056e-01
  +1.13099107130566534085e-01
  +1.13926705545940268327e-01
  +1.14773737061010600025e-01
  +1.15639374877087058868e-01
  +1.16523960983934457558e-01
  +1.17426474730870394891e-01
  +1.18340323665693830657e-01
  +1.19273426455108369493e-01
  +1.20219132851374921334e-01
  +1.21175587097657785907e-01
  +1.22150478759764813397e-01
  +1.23132554189982770798e-01
  +1.24124439791038293501e-01
  +1.25129391016316926510e-01
  +1.26144391471306183128e-01
  +1.27169879259587281783e-01
  +1.28199547638962657592e-01
  +1.29241824265380778058e-01
  +1.30290423541716077205e-01
  +1.31345958929379252877e-01
  +1.32411083141646040984e-01
  +1.33483938008428421051e-01
  +1.34560137646752731033e-01
  +1.35645159153020750109e-01
  +1.36735769088614039779e-01
  +1.37830083450878992934e-01
  +1.38924247466092304348e-01
  +1.40030813797028447221e-01
  +1.41138331393589777640e-01
  +1.42250755985374621737e-01
  +1.43360632421087680344e-01
  +1.44481466484666948302e-01
  +1.45600388126637808606e-01
  +1.46726614516098724517e-01
  +1.47854537061180818514e-01
  +1.48981428726972980892e-01
  +1.50112421620154479207e-01
  +1.51246501495991308994e-01
  +1.52383556265872605051e-01
  +1.53518064190533848334e-01
  +1.54654628869120791546e-01
  +1.55797170187409017572e-01
  +1.56934924780827406154e-01
  +1.58074090908850967141e-01
  +1.59214860075224562408e-01
  +1.60352430140354523802e-01
  +1.61493095762447552710e-01
  +1.62639406771119238160e-01
  +1.63778160248236603902e-01
  +1.64921792853682969149e-01
  +1.66064565613158632296e-01
  +1.67211816540029312161e-01
  +1.68357168124384615204e-01
  +1.69501781296344494754e-01
  +1.70648047431508825822e-01
  +1.71786885314953119419e-01
  +1.72926183326904681081e-01
  +1.74060316418717303533e-01
  +1.75210995141997893931e-01
  +1.76351762561351377290e-01
  +1.77495769778832412911e-01
  +1.78645054202207415051e-01
  +1.79781288056199445302e-01
  +1.80931954959943464001e-01
  +1.82076420817612688596e-01
  +1.83226099405162851097e-01
  +1.84372650963613216035e-01
  +1.85518224081154509131e-01
  +1.86667346114974014304e-01
  +1.87813688243232940200e-01
  +1.88966252463775075121e-01
  +1.90114884012910739797e-01
  +1.91259073882270341782e-01
  +1.92420289439376113183e-01
  +1.93577771503762846583e-01
  +1.94733752425849060419e-01
  +1.95902201516206603271e-01
  +1.97068924277744167428e-01
  +1.98239978880982353759e-01
  +1.99419924326816544458e-01
  +2.00591249333625293305e-01
  +2.01767699385882404162e-01
  +2.02947696845880931615e-01
  +2.04129631762713259491e-01
  +2.05314507957844727404e-01
  +2.06502963850225762510e-01
  +2.07700026284839661672e-01
  +2.08892504161317493772e-01
  +2.10105964612681855863e-01
  +2.11310977439611163975e-01
  +2.12531268266989176174e-01
  +2.13750816588232972482e-01
  +2.14984573314882521089e-01
  +2.16215046692683376950e-01
  +2.17458570699962466799e-01
  +2.18701515224456910502e-01
  +2.19940330513300807969e-01
</dep>
<dep Fmin frequency>
  +1.03299758632769189681e+00
  +1.02930896941289296009e+00
  +1.02635126767631934541e+00
  +1.02393456793178438957e+00
  +1.02192704464519601437e+00
  +1.02023927019473847899e+00
  +1.01880433092081923441e+00
  +1.01757350305829974424e+00
  +1.01650918130891887436e+00
  +1.01558243077346066485e+00
  +1.01477035722555020136e+00
  +1.01405487423737006303e+00
  +1.01342143560493713750e+00
  +1.01285809674377502709e+00
  +1.01235491797377252787e+00
  +1.01190410611543346597e+00
  +1.01149849480792575207e+00
  +1.01113301552672885109e+00
  +1.01080205897796226999e+00
  +1.01050164155488575446e+00
  +1.01022856102323710381e+00
  +1.00997977475081013310e+00
  +1.00975251380529740253e+00
  +1.00954440755324426071e+00
  +1.00935387557399014469e+00
  +1.00917887344257595217e+00
  +1.00901793276008322486e+00
  +1.00886984816239233531e+00
  +1.00873323153696081711e+00
  +1.00860722770805577575e+00
  +1.00849065079798294597e+00
  +1.00838300259628432798e+00
  +1.00828323527745222776e+00
  +1.00819082697463402454e+00
  +1.00810521687821785797e+00
  +1.00802579269896974701e+00
  +1.00795207060797009646e+00
  +1.00788364882993941585e+00
  +1.00782010603379656999e+00
  +1.00776108265326747038e+00
  +1.00770625560871729398e+00
  +1.00765524693043517779e+00
  +1.00760797211528485562e+00
  +1.00756393572024260941e+00
  +1.00752322784016690171e+00
  +1.00748525993733828443e+00
  +1.00745010318616734502e+00
  +1.00741741637471138304e+00
  +1.00738720072900656000e+00
  +1.00735931550842661153e+00
  +1.00733340879864896600e+00
  +1.00730953388086863498e+00
  +1.00728757431873194861e+00
  +1.00726726573191838199e+00
  +1.00724870928599852249e+00
  +1.00723158232151943636e+00
  +1.00721598078663832077e+00
  +1.00720175691828539577e+00
  +1.00718887091841735604e+00
  +1.00717720606936000927e+00
  +1.00716663717452603599e+00
  +1.00715734658247813016e+00
  +1.00714898999892099596e+00
  +1.00714169489457638917e+00
  +1.00713546497689110382e+00
  +1.00712995439750141458e+00
  +1.00712545877240211567e+00
  +1.00712174708554580427e+00
  +1.00711893380821471133e+00
  +1.00711668132704179612e+00
  +1.00711531617193084109e+00
  +1.00711453339437007060e+00
  +1.00711447306090318143e+00
  +1.00711507942020306317e+00
  +1.00711612955225615629e+00
  +1.00711805587161373765e+00
  +1.00712030966331878012e+00
  +1.00712324752985260545e+00
  +1.00712671809742260187e+00
  +1.00713067525829913507e+00
  +1.00713508517131944409e+00
  +1.00714001930767271809e+00
  +1.00714541317574712842e+00
  +1.00715127401985449218e+00
  +1.00715753119237172442e+00
  +1.00716433700920404704e+00
  +1.00717156674542640538e+00
  +1.00717882482033882496e+00
  +1.00718692724432568042e+00
  +1.00719515827447048117e+00
  +1.00720394304074201131e+00
  +1.00721303078907609141e+00
  +1.00722240620989333948e+00
  +1.00723225432427865300e+00
  +1.00724240295501688003e+00
  +1.00725289842714493815e+00
  +1.00726395210286634452e+00
  +1.00727514541532081616e+00
  +1.00728643214378488224e+00
  +1.00729822343844443999e+00
  +1.00731040524345960563e+00
  +1.00732277455980767655e+00
  +1.00733565271042957434e+00
  +1.00734882514593393488e+00
  +1.00736230485801048218e+00
  +1.00737611295287554647e+00
  +1.00738970095900626234e+00
  +1.00740434441148840605e+00
  +1.00741900434128561770e+00
  +1.00743369667416504676e+00
  +1.00744892477571812428e+00
  +1.00746412559899467531e+00
  +1.00748008761486418372e+00
  +1.00749622755811296670e+00
  +1.00751236958823775502e+00
  +1.00752884622555383132e+00
  +1.00754565377612559374e+00
  +1.00756290097502998471e+00
  +1.00758032552400345061e+00
  +1.00759778769750818483e+00
  +1.00761589924213956770e+00
  +1.00763393827736713604e+00
  +1.00765221186987763424e+00
  +1.00767115520214045610e+00
  +1.00768985966135060650e+00
  +1.00770897609450482690e+00
  +1.00772834529754629074e+00
  +1.00774801946640502059e+00
  +1.00776779692912299424e+00
  +1.00778811304362547752e+00
  +1.00780844692988269529e+00
  +1.00782846785914537158e+00
  +1.00784991138102264507e+00
  +1.00787038406080253772e+00
  +1.00789147378314947190e+00
  +1.00791284066470865355e+00
  +1.00793441242387138423e+00
  +1.00795638824008770840e+00
  +1.00797861581455761026e+00
  +1.00800077612880167877e+00
  +1.00802307307612570852e+00
</dep>
<dep Sopt frequency>
  -6.17246170867624788237e-01-j1.34416523696237188989e-01
  -6.04711217373201437297e-01-j1.25165228304179143581e-01
  -5.93137134339821070483e-01-j1.17109625027124561458e-01
  -5.82167943250439634539e-01-j1.10061317671756198067e-01
  -5.71614970689429346962e-01-j1.03834246796047524608e-01
  -5.61324420337003471282e-01-j9.82955181893230139911e-02
  -5.51225413898856375639e-01-j9.33231087837531614326e-02
  -5.41260256783293369764e-01-j8.88260349287457590117e-02
  -5.31404573099665489266e-01-j8.47276138761150487966e-02
  -5.21641012611440579860e-01-j8.09675505290606695175e-02
  -5.11965687802902746917e-01-j7.74965084923038699527e-02
  -5.02376413175005587242e-01-j7.42760394648038502208e-02
  -4.92871926484780287225e-01-j7.12745201184554616480e-02
  -4.83455429282326598628e-01-j6.84654194902445389914e-02
  -4.74136539067471718401e-01-j6.58275643178608399486e-02
  -4.64909274677424155797e-01-j6.33445833749447101413e-02
  -4.55790252914277438379e-01-j6.09995562775352551110e-02
  -4.46764175061613533213e-01-j5.87833422319659210098e-02
  -4.37855513497205361961e-01-j5.66813398206589755257e-02
  -4.29069878455237474491e-01-j5.46869167837176345381e-02
  -4.20396820591224185115e-01-j5.27924545392395583310e-02
  -4.11839871021783987537e-01-j5.09909771839847439368e-02
  -4.03404661048780643906e-01-j4.92730648565795140148e-02
  -3.95098375108936861189e-01-j4.76399455965262688673e-02
  -3.86906349593589826696e-01-j4.60806855924010688730e-02
  -3.78840466404914144594e-01-j4.45937961947575553512e-02
  -3.70899469161114436755e-01-j4.31770105444818988460e-02
  -3.63077216652154921572e-01-j4.18214831792259045251e-02
  -3.55382454685759130442e-01-j4.05283163488171782607e-02
  -3.47806715987741543739e-01-j3.92926519152286893299e-02
  -3.40356209586155200597e-01-j3.81130159281010683081e-02
  -3.33018466846670302406e-01-j3.69825798123745580481e-02
  -3.25805480962274018886e-01-j3.59058641475955286904e-02
  -3.18705850479719998702e-01-j3.48725153700430792747e-02
  -3.11721007991112797342e-01-j3.38864039893617199906e-02
  -3.04847895833870063953e-01-j3.29400436257200543433e-02
  -2.98085736063894657377e-01-j3.20321478210344803839e-02
  -2.91430876273754690953e-01-j3.11634558129752319011e-02
  -2.84882472026704025581e-01-j3.03306972183412758282e-02
  -2.78438380135992979980e-01-j2.95344990752345569474e-02
  -2.72096672670718298104e-01-j2.87679137472998426583e-02
  -2.65855620264424996613e-01-j2.80354554230708118145e-02
  -2.59710859397824955774e-01-j2.73282681263196658428e-02
  -2.53665996957494366271e-01-j2.66491874307627114871e-02
  -2.47709437123413728221e-01-j2.60004106482421282198e-02
  -2.41848392778794496483e-01-j2.53745548839874636438e-02
  -2.36080210295604164816e-01-j2.47700346590406066116e-02
  -2.30397209373102512808e-01-j2.41872997012808031714e-02
  -2.24798585576880455283e-01-j2.36262102231481578574e-02
  -2.19283216440326084173e-01-j2.30864343576779595946e-02
  -2.13855748318722088674e-01-j2.25583474334279630857e-02
  -2.08502558799301601633e-01-j2.20521140133454716936e-02
  -2.03230862960354224933e-01-j2.15607401399165281297e-02
  -1.98042609054305485117e-01-j2.10818355916179214771e-02
  -1.92918760093815061518e-01-j2.06223728637617217951e-02
  -1.87878617085717930513e-01-j2.01727335355347259238e-02
  -1.82915141332484043613e-01-j1.97334878787822527724e-02
  -1.78018321244639593504e-01-j1.93074866238137424213e-02
  -1.73195471980842230497e-01-j1.88985936216600688975e-02
  -1.68437496055952956597e-01-j1.84915184295289941607e-02
  -1.63756911011748051976e-01-j1.80927182217174714607e-02
  -1.59136626668448050159e-01-j1.77049120810788378211e-02
  -1.54585460139268715540e-01-j1.73210462735185234673e-02
  -1.50102917815517850064e-01-j1.69501490329090932774e-02
  -1.45678882978264423453e-01-j1.65845320091795311868e-02
  -1.41314748815978302732e-01-j1.62210427817854364874e-02
  -1.37020110378904325099e-01-j1.58632434133170428792e-02
  -1.32781406587981570810e-01-j1.55147291616748173038e-02
  -1.28606090414396412314e-01-j1.51731923730063847366e-02
  -1.24489440099749062996e-01-j1.48313607933943086142e-02
  -1.20443363002889880509e-01-j1.44978219589640879711e-02
  -1.16442538602816184068e-01-j1.41649536935929444559e-02
  -1.12504718405265352610e-01-j1.38378345625822154336e-02
  -1.08621644528900607174e-01-j1.35069727428821298454e-02
  -1.04805348206659598720e-01-j1.31881234656197401933e-02
  -1.01035064900164089918e-01-j1.28690438424392608607e-02
  -9.73253129775628611497e-02-j1.25475700390147559132e-02
  -9.36651431500298281563e-02-j1.22339870326399896561e-02
  -9.00598038426094898989e-02-j1.19226712019691507422e-02
  -8.65141359216530791976e-02-j1.16163580282604636529e-02
  -8.30169135553522619109e-02-j1.13026748283792891764e-02
  -7.95712435587532795900e-02-j1.10011367133626396936e-02
  -7.61745815428350875331e-02-j1.07005355949437684637e-02
  -7.28383336876642223379e-02-j1.04040031724636876376e-02
  -6.95508926564903928735e-02-j1.01009621764571524971e-02
  -6.63052351412954238397e-02-j9.81597928591408999677e-03
  -6.31224214836716701615e-02-j9.52945848937632351838e-03
  -5.99803140708256785074e-02-j9.24374435896778076649e-03
  -5.68953632103462933478e-02-j8.95354012835176960028e-03
  -5.38575235306490360254e-02-j8.68389893153834017958e-03
  -5.08681761553850808610e-02-j8.41354837337654135054e-03
  -4.79174373810690099051e-02-j8.13326893956210598968e-03
  -4.50234694439602400884e-02-j7.86766945416346973052e-03
  -4.21647973687855059932e-02-j7.60956426134648186710e-03
  -3.93564294561065883271e-02-j7.35039821575616571236e-03
  -3.65854299144585184966e-02-j7.09671639554696268015e-03
  -3.38644485073649401108e-02-j6.85160892830261568365e-03
  -3.11837714952053132733e-02-j6.61152428934341004213e-03
  -2.85461636274194907603e-02-j6.37297636102283036885e-03
  -2.59613537961166720991e-02-j6.15317851489055513831e-03
  -2.34217879379117997762e-02-j5.92895373022152370052e-03
  -2.09277332010395812623e-02-j5.72863289658400061388e-03
  -1.84510657787697977816e-02-j5.51349115343909186582e-03
  -1.60281501908043980120e-02-j5.31702462902111389759e-03
  -1.36469288062300974501e-02-j5.11173551217879249681e-03
  -1.12890949793077767505e-02-j4.92004622095947811294e-03
  -8.97912705946444719696e-03-j4.74814242785945739983e-03
  -6.70016009051146305131e-03-j4.56833212659474557221e-03
  -4.45872607798683713576e-03-j4.41710548429796560910e-03
  -2.24426952335754839596e-03-j4.25388872887506701292e-03
  -7.40964347994326676073e-05-j4.11089860777683838849e-03
  +2.07111693622976430346e-03-j3.98342028432604414873e-03
  +4.17068344279179770151e-03-j3.86454108709533266514e-03
  +6.23516771856099955712e-03-j3.75605747147848096842e-03
  +8.27545675346280651397e-03-j3.63899431037317420620e-03
  +1.02874800428206895908e-02-j3.54581750143424584074e-03
  +1.22555308120017719675e-02-j3.47171321444390400951e-03
  +1.42084947421349389041e-02-j3.37398950371685163105e-03
  +1.61235283503584521381e-02-j3.29589697104524289445e-03
  +1.80267298243696749704e-02-j3.23353549440248645361e-03
  +1.99125291701620077411e-02-j3.18083711498897553360e-03
  +2.17519115304760229934e-02-j3.12100124374537109262e-03
  +2.35931567398943338454e-02-j3.08550027178672780712e-03
  +2.54165075164491799375e-02-j3.06352354193871597929e-03
  +2.71933031579361245145e-02-j3.05478441792167258739e-03
  +2.89482542391578043239e-02-j3.05913162366077849216e-03
  +3.06812334094998737100e-02-j3.06546028157856200250e-03
  +3.23786748691935605260e-02-j3.07799974343359950338e-03
  +3.40649341923616802430e-02-j3.08972886492497921321e-03
  +3.57132533607806487708e-02-j3.12229390719769017704e-03
  +3.73838086388469520438e-02-j3.12823636940884374294e-03
  +3.90174568661553686222e-02-j3.15870603573396163677e-03
  +4.06389255354912756757e-02-j3.19495979054682183521e-03
  +4.22449489102706063348e-02-j3.23116689453199507770e-03
  +4.38654716677343015085e-02-j3.28347153971748082282e-03
  +4.54384201105071036664e-02-j3.31659352487103211218e-03
  +4.70281756340867468369e-02-j3.37818866573826384614e-03
  +4.85729813577056163121e-02-j3.45124300422820209575e-03
  +5.00968142101421293200e-02-j3.55332955836949087106e-03
  +5.16362896172285479324e-02-j3.61797423472442558970e-03
  +5.31291876171853319488e-02-j3.70930730959780725550e-03
</dep>
<dep F frequency>
  +1.07614313621296364687e+00
  +1.06494162302207717730e+00
  +1.05633486494916239984e+00
  +1.04953303793951069345e+00
  +1.04403678906215802158e+00
  +1.03951806089853659998e+00
  +1.03574957028646075230e+00
  +1.03256981305959327777e+00
  +1.02986005114023848606e+00
  +1.02753104605888467837e+00
  +1.02551434974716038084e+00
  +1.02375664626223317200e+00
  +1.02221570735994782275e+00
  +1.02085764687360924796e+00
  +1.01965500105131523512e+00
  +1.01858543840022242044e+00
  +1.01763027266161576456e+00
  +1.01677439050210716154e+00
  +1.01600445940574157788e+00
  +1.01530975424211233893e+00
  +1.01468115265838698669e+00
  +1.01411080508779583020e+00
  +1.01359188256641608028e+00
  +1.01311856867497041002e+00
  +1.01268605053806837191e+00
  +1.01228982346319007490e+00
  +1.01192613771336770156e+00
  +1.01159175383068133947e+00
  +1.01128368224416731458e+00
  +1.01099946807989216069e+00
  +1.01073669505060959040e+00
  +1.01049358681266854276e+00
  +1.01026820846431220069e+00
  +1.01005903226848947618e+00
  +1.00986473083055106059e+00
  +1.00968396059613518823e+00
  +1.00951561142583812192e+00
  +1.00935868763267122539e+00
  +1.00921228107559812770e+00
  +1.00907557578433570988e+00
  +1.00894782326039211817e+00
  +1.00882829158336795317e+00
  +1.00871653564601682085e+00
  +1.00861180335569677879e+00
  +1.00851383889526458049e+00
  +1.00842186870547023680e+00
  +1.00833573795802822204e+00
  +1.00825484595201797511e+00
  +1.00817902883537513503e+00
  +1.00810798041610660825e+00
  +1.00804120513114092716e+00
  +1.00797857301271043262e+00
  +1.00791987071406063947e+00
  +1.00786473209696492148e+00
  +1.00781306200623954616e+00
  +1.00776453170198632137e+00
  +1.00771911577270945060e+00
  +1.00767653836255166588e+00
  +1.00763672740818899243e+00
  +1.00759943718130684509e+00
  +1.00756453975295245939e+00
  +1.00753208882623090936e+00
  +1.00750171531396981450e+00
  +1.00747349962747390073e+00
  +1.00744734963944515549e+00
  +1.00742287903493221712e+00
  +1.00740038066545856132e+00
  +1.00737953455030293526e+00
  +1.00736044545222824809e+00
  +1.00734271470275804639e+00
  +1.00732668237685207835e+00
  +1.00731192804830360643e+00
  +1.00729861799260200783e+00
  +1.00728663995302447631e+00
  +1.00727578379248305929e+00
  +1.00726639686262808837e+00
  +1.00725794088040188079e+00
  +1.00725072839100460165e+00
  +1.00724459587456971477e+00
  +1.00723948867102763849e+00
  +1.00723532210710642332e+00
  +1.00723216354936417893e+00
  +1.00722992093758278997e+00
  +1.00722860888357512721e+00
  +1.00722811203212492259e+00
  +1.00722856181014042143e+00
  +1.00722985127530595406e+00
  +1.00723152917706260112e+00
  +1.00723442714012190180e+00
  +1.00723780199245371847e+00
  +1.00724206457793807878e+00
  +1.00724693527741360199e+00
  +1.00725241664203557512e+00
  +1.00725865278658299751e+00
  +1.00726547780137543064e+00
  +1.00727291383848571726e+00
  +1.00728117615566836740e+00
  +1.00728982503166020201e+00
  +1.00729880720706255204e+00
  +1.00730853444130863394e+00
  +1.00731887234278372212e+00
  +1.00732961320519387449e+00
  +1.00734104782640709885e+00
  +1.00735298041524390378e+00
  +1.00736540435799870608e+00
  +1.00737833000286780560e+00
  +1.00739121177147850084e+00
  +1.00740530914876957880e+00
  +1.00741958325556613119e+00
  +1.00743403727057456720e+00
  +1.00744917415370172087e+00
  +1.00746442352060805447e+00
  +1.00748056639138017232e+00
  +1.00749701382042977649e+00
  +1.00751358484370645563e+00
  +1.00753061056077308777e+00
  +1.00754807655362932373e+00
  +1.00756609252320594727e+00
  +1.00758438758487822717e+00
  +1.00760282961574776373e+00
  +1.00762202549544022112e+00
  +1.00764123046862752453e+00
  +1.00766078145291149148e+00
  +1.00768109894542456928e+00
  +1.00770124809311689695e+00
  +1.00772189478612284042e+00
  +1.00774287581488475318e+00
  +1.00776422783537822347e+00
  +1.00778576839193911852e+00
  +1.00780790546701526367e+00
  +1.00783017600047153373e+00
  +1.00785218804562393125e+00
  +1.00787570335674403488e+00
  +1.00789831921995420849e+00
  +1.00792166576542108203e+00
  +1.00794531577021584390e+00
  +1.00796928849027112030e+00
  +1.00799369181103215531e+00
  +1.00801840843313761376e+00
  +1.00804316408121952264e+00
  +1.00806807222479366537e+00
</dep>
<dep S[1,1] frequency>
  -4.14197849873890244776e-01+j8.66598571789573002278e-01
  -3.04603351771676633675e-01+j9.03029229074539641076e-01
  -1.88388141594322294781e-01+j9.22701644079249039265e-01
  -6.89684393806799800331e-02+j9.22476652831148102862e-01
  +4.88547511090952069068e-02+j8.99278906881095130288e-01
  +1.57076957297837660477e-01+j8.53157222425014127865e-01
  +2.48479625370920054195e-01+j7.88132229829197950011e-01
  +3.17854824979219297010e-01+j7.11750633531196719161e-01
  +3.64187516354468776569e-01+j6.33912854997657704281e-01
  +3.92643754887280316268e-01+j5.60902112176773881558e-01
  +4.08403965171390770372e-01+j4.95736728996280739956e-01
  +4.16597985380411928169e-01+j4.39634260332523507664e-01
  +4.21161305639422778313e-01+j3.90886282403052454093e-01
  +4.22959743156722800528e-01+j3.47998065062744665887e-01
  +4.23981983178013499547e-01+j3.08210315046172300679e-01
  +4.22311473117856828186e-01+j2.71749144688314681062e-01
  +4.21117140182661775505e-01+j2.38749559859506133019e-01
  +4.19365327547250310580e-01+j2.06160733181052380214e-01
  +4.13854395821940279632e-01+j1.74994739605274896022e-01
  +4.07887516625268009562e-01+j1.44644164276636205679e-01
  +4.00076912183900013087e-01+j1.16781104635945931491e-01
  +3.91077528395998630373e-01+j9.16688971301181099172e-02
  +3.79943488114162009062e-01+j6.57329656181275256976e-02
  +3.68973558296958881186e-01+j4.30299647598714751773e-02
  +3.55519717022843906307e-01+j2.20432287650482450214e-02
  +3.43302998453316687844e-01+j2.00684239559886790083e-03
  +3.29685803954196110510e-01-j1.43031368037387363046e-02
  +3.15986593072060895082e-01-j3.06693472241827136404e-02
  +3.01231985669159652019e-01-j4.48410145301217921698e-02
  +2.86293371318828149263e-01-j5.69380903107771507710e-02
  +2.70946305750498828147e-01-j6.76394408234737287700e-02
  +2.55668224626386053622e-01-j7.62809342436605863913e-02
  +2.39913907532552095336e-01-j8.44135670803359272618e-02
  +2.24117641091220121119e-01-j9.14292990740382671699e-02
  +2.08614377362464215038e-01-j9.57175780822282495919e-02
  +1.92904605668954121089e-01-j1.00042610548770199985e-01
  +1.78082239154544186288e-01-j1.04006613055949825863e-01
  +1.64196170138437874675e-01-j1.06025801955333481841e-01
  +1.50885373482651186094e-01-j1.07538477954006533865e-01
  +1.37062483123823852793e-01-j1.06777463696599655973e-01
  +1.24819954305985830745e-01-j1.06031258075494988491e-01
  +1.12527425974478803572e-01-j1.04211458565365872042e-01
  +1.01045724410541506999e-01-j1.02876275107237236117e-01
  +8.96833089264210125968e-02-j9.86419724039277467931e-02
  +7.94218916819951631370e-02-j9.43311251077587065161e-02
  +6.87561300672563102676e-02-j8.98721590375262113781e-02
  +5.81927520083973248699e-02-j8.49570281947924221821e-02
  +4.91976700106059663953e-02-j7.96032285385623039620e-02
  +4.12960093463766858557e-02-j7.38071603675490572893e-02
  +3.35611692128741576080e-02-j6.78933303401888510464e-02
  +2.67755935969992767132e-02-j6.21970640714451794562e-02
  +2.07098876427826497637e-02-j5.58774159900921052468e-02
  +1.51918030768198701608e-02-j4.93744426304741357292e-02
  +1.04011747036121503240e-02-j4.26335334201839999402e-02
  +6.29804871910621261177e-03-j3.51125760580665025046e-02
  +3.02313825088218121606e-03-j2.78424844144182781491e-02
  -1.71621952810582442672e-03-j2.04983386560169955626e-02
  -4.29247723393398616931e-03-j1.32623470412860100520e-02
  -7.21545453856882457178e-03-j4.35891693439696692458e-03
  -9.87659664557018202036e-03+j2.41205350077056124292e-03
  -1.08818720203041185285e-02+j9.71801797028175318172e-03
  -1.16566580492073555014e-02+j1.75340255721905258213e-02
  -1.22991412784735770769e-02+j2.38199803914229679691e-02
  -1.21878623561350353521e-02+j3.09840097788651597233e-02
  -1.18963406539847760951e-02+j3.82166205785605117562e-02
  -1.10087791917136308684e-02+j4.43034121487743959289e-02
  -9.75106264228939312311e-03+j5.06543312960893443719e-02
  -7.61131829921661388905e-03+j5.72786834799090607828e-02
  -6.52253840372406072656e-03+j6.34965364264477860612e-02
  -3.63470532693230784227e-03+j6.99328229255181538226e-02
  -6.54017676316651780377e-04+j7.58874953845512789652e-02
  +1.96266441707484452783e-03+j8.15032895310826704938e-02
  +4.99078889982984899576e-03+j8.70713102868888033647e-02
  +8.86321918502066749546e-03+j9.14536616354455489386e-02
  +1.23378659003700406199e-02+j9.67858153552506872419e-02
  +1.59173366779907371482e-02+j1.00355069546796488167e-01
  +2.01791849739332077029e-02+j1.04201480726755002504e-01
  +2.41297016136850749068e-02+j1.08292037909639732307e-01
  +2.89434572530129219370e-02+j1.11494350213342502398e-01
  +3.34199845420999203105e-02+j1.14721529223565793520e-01
  +3.83916291920548061189e-02+j1.16938092379518965291e-01
  +4.37165235921953485021e-02+j1.19313224264719089374e-01
  +4.88693928036878569299e-02+j1.22239836380835145691e-01
  +5.36305208094336183233e-02+j1.24271820319039744129e-01
  +5.87039473732635791459e-02+j1.25371039683007556853e-01
  +6.42079711199586428139e-02+j1.27291075743008796906e-01
  +6.81455731271921189007e-02+j1.28715737906639954291e-01
  +7.42185587080159275830e-02+j1.28903576303541322901e-01
  +7.85155287321016165381e-02+j1.29072160294054660845e-01
  +8.32072327345739909399e-02+j1.29566967448347808434e-01
  +8.77859516211400570107e-02+j1.30063450663956553521e-01
  +9.24327023966840799485e-02+j1.29081285101761256140e-01
  +9.63820513337461520775e-02+j1.27776471070114083783e-01
  +1.01670104042757530882e-01+j1.26839865650894112470e-01
  +1.06735296695440573522e-01+j1.25350719150763123544e-01
  +1.11709675089791252156e-01+j1.24057635682285741230e-01
  +1.15638901332924259879e-01+j1.22177008094121436477e-01
  +1.20155352966310274843e-01+j1.19918431442861656011e-01
  +1.24709208071486249425e-01+j1.18987662093890222970e-01
  +1.28935471348465557906e-01+j1.17118717305942629525e-01
  +1.30952529957025859408e-01+j1.14260795472274523377e-01
  +1.33999473063268093043e-01+j1.12260414073723696626e-01
  +1.37396343471057613694e-01+j1.09869541417864480248e-01
  +1.40357082628938839575e-01+j1.07067330088475562433e-01
  +1.42132574049183391107e-01+j1.03359994710645192173e-01
  +1.45303827575992056120e-01+j1.00170245397419380162e-01
  +1.48031527060367956716e-01+j9.70888879721424624680e-02
  +1.49932630240810438327e-01+j9.28177170730640072049e-02
  +1.52587182465161869116e-01+j8.97293284354090669996e-02
  +1.55175255102492470893e-01+j8.60231567528450674631e-02
  +1.56940696162110565615e-01+j8.19701475862140843676e-02
  +1.58224757208556221499e-01+j7.91581440245698597646e-02
  +1.59617187602094867671e-01+j7.63758552231057069593e-02
  +1.59475407350261250139e-01+j7.32561062689198738695e-02
  +1.60507632537990219124e-01+j6.98076353861239173870e-02
  +1.60399639420853779015e-01+j6.67901479892267085914e-02
  +1.59214092410290330992e-01+j6.36625841208246362468e-02
  +1.59551314290280160657e-01+j5.90000600159844984516e-02
  +1.59363415229694688202e-01+j5.54938133193497995510e-02
  +1.58374281166047820024e-01+j5.17363377158354398322e-02
  +1.58738054872428285824e-01+j4.79829451470229206844e-02
  +1.58364565968009046726e-01+j4.40414107727808007420e-02
  +1.58544436698152185761e-01+j4.12806989441673252705e-02
  +1.58714297045906588268e-01+j3.87155272917747150796e-02
  +1.57100537853694349755e-01+j3.64890456162637391579e-02
  +1.55923655463529431398e-01+j3.40921662075620579557e-02
  +1.54271855138212593550e-01+j3.23409468175276937352e-02
  +1.52107606513803839121e-01+j3.02331463473415190668e-02
  +1.49453856607439539150e-01+j2.75723880064678711355e-02
  +1.46402940895437705393e-01+j2.59101772462444202016e-02
  +1.44444187259276601853e-01+j2.37858006229778803919e-02
  +1.41508080456926144119e-01+j2.09444036204176065041e-02
  +1.39713077869210750004e-01+j1.82556514381266160596e-02
  +1.37461963179589891082e-01+j1.61809930598332679663e-02
  +1.35718652202023282172e-01+j1.46312479508832748998e-02
  +1.33485085818814214198e-01+j1.25743925602679468279e-02
  +1.32244108459328851835e-01+j1.11348284235826128219e-02
  +1.29564515635570032259e-01+j1.14814343557586434619e-02
  +1.27043437105360368378e-01+j1.14257948969970699049e-02
  +1.24598387682258684994e-01+j1.11832990840369864149e-02
  +1.20773503890908379121e-01+j1.19174071916020099526e-02
</dep>
<dep S[1,2] frequency>
  -4.61771055230701557397e-04-j2.89545271473698462295e-03
  -1.43813580914232356373e-03-j4.09741760725014936978e-03
  -2.80821425912185099541e-03-j5.37583435726857444131e-03
  -5.17393074159670264545e-03-j6.42210722028222630309e-03
  -8.12686845187317666306e-03-j7.11230228713411859881e-03
  -1.20233182624840447689e-02-j6.74178852586649560857e-03
  -1.59780215844901457567e-02-j5.17182167794216860607e-03
  -1.98784932871623326589e-02-j1.90275315815998887804e-03
  -2.25389269983865166147e-02+j2.18735413038274569344e-03
  -2.41356278613526278876e-02+j7.20573405148420241539e-03
  -2.44602698325018623471e-02+j1.23768991532612008394e-02
  -2.37173521132817734236e-02+j1.68990944339536854069e-02
  -2.21278176540646923098e-02+j2.10979869394302028962e-02
  -1.99290495116791026298e-02+j2.52047548570129634204e-02
  -1.72606419966269061805e-02+j2.83850958370860939617e-02
  -1.48222338065799215390e-02+j3.11810446998261013574e-02
  -1.15409718691885619657e-02+j3.36596302835770605499e-02
  -9.13127919438011699527e-03+j3.49624608458972765956e-02
  -6.35388374396395755328e-03+j3.70010804408010679500e-02
  -3.17229656118764693010e-03+j3.81153726498420913904e-02
  -3.23329848548385657622e-04+j3.89841940497517858155e-02
  +2.18597948137196941565e-03+j3.95556373429338456460e-02
  +5.18560777300605679763e-03+j4.05118569236085149243e-02
  +8.27715747281320031459e-03+j4.06786380593188237609e-02
  +1.07921339464448519385e-02+j4.09622393995789577104e-02
  +1.35273601971429013879e-02+j4.09890220814269623517e-02
  +1.60680797934492844425e-02+j4.07232699755737531655e-02
  +1.83555102198819132531e-02+j4.05794585806431226671e-02
  +2.11958407219032148039e-02+j4.02850897344087105489e-02
  +2.33270327079515768509e-02+j3.95572315852006362036e-02
  +2.58050005390992980014e-02+j3.89891065938175324090e-02
  +2.78260682959208631437e-02+j3.84682985259264184630e-02
  +3.02487725857646730376e-02+j3.71809958578750848757e-02
  +3.22766539988975226239e-02+j3.64158062650682262662e-02
  +3.43732421514374372751e-02+j3.52339135380525247943e-02
  +3.64500543027432150067e-02+j3.42463376111670492197e-02
  +3.85590035916625259449e-02+j3.33302805512966857093e-02
  +4.01182577557161329507e-02+j3.20230080491733376524e-02
  +4.18696303300782127210e-02+j3.07069333664818054641e-02
  +4.38200331609458967885e-02+j2.93045338191663534699e-02
  +4.51618356927911274168e-02+j2.79767721993961007709e-02
  +4.69635722247000522711e-02+j2.66020679828748857210e-02
  +4.84400906977401415898e-02+j2.49786051811210496609e-02
  +4.99055979794238921410e-02+j2.39707650460711588214e-02
  +5.12304983900998614499e-02+j2.17121086753503216016e-02
  +5.27218972079962142074e-02+j1.99744440434318597244e-02
  +5.40115934161729469021e-02+j1.85956248039273255857e-02
  +5.52339857933807493184e-02+j1.67779434797365283039e-02
  +5.65007017026190466735e-02+j1.50028381835654294613e-02
  +5.78291496159259038601e-02+j1.32934896045022472172e-02
  +5.83603438414070294082e-02+j1.13622481607304100237e-02
  +5.96464712229877805361e-02+j9.52522363397061665180e-03
  +6.04077863955868876733e-02+j7.41977786300575346129e-03
  +6.10451791491460407646e-02+j5.81639859142314870344e-03
  +6.21803156160678632824e-02+j3.57399874737625560667e-03
  +6.28621703203293413775e-02+j1.80438621360900141796e-03
  +6.32212471149855015362e-02-j2.79699999591405314842e-04
  +6.37825967409065414104e-02-j2.41468345916956948771e-03
  +6.44497861145662404025e-02-j4.37830924058166780222e-03
  +6.50521623875130600156e-02-j6.48530436815070686352e-03
  +6.51540523407368732389e-02-j8.36339998256510619434e-03
  +6.52757361673430847038e-02-j1.07470164902738370138e-02
  +6.55688239671466527314e-02-j1.26481934313860001212e-02
  +6.56870398675228756025e-02-j1.47093586343470285327e-02
  +6.56683615647472990196e-02-j1.68134416003622895464e-02
  +6.60317062671841731314e-02-j1.90602644351551275825e-02
  +6.57651042530413010301e-02-j2.12685610556175817842e-02
  +6.57704710065809133868e-02-j2.34578738071909605190e-02
  +6.57981674305290753502e-02-j2.54566622947432659452e-02
  +6.55559440641863278021e-02-j2.77611314916990821466e-02
  +6.46957680239648308396e-02-j2.96605149334040509024e-02
  +6.48113171928151043932e-02-j3.18906917576560963723e-02
  +6.43805635547214233361e-02-j3.39852433696522723827e-02
  +6.37852278935658045800e-02-j3.62453473145740862060e-02
  +6.30114657254173815559e-02-j3.81915400027926094095e-02
  +6.25109971483409770920e-02-j4.02187380719192036360e-02
  +6.16671101941324920070e-02-j4.23693722369654218740e-02
  +6.10797791360718628217e-02-j4.45050809081313017423e-02
  +6.02683700665051433343e-02-j4.65433079118614187464e-02
  +5.92246386753665782221e-02-j4.85070962340083539077e-02
  +5.82216258624887184059e-02-j5.06044700704105787636e-02
  +5.72836913406593317699e-02-j5.25323144840728964433e-02
  +5.62851828148181881906e-02-j5.45880012804645584068e-02
  +5.50203587126327914314e-02-j5.65692859236277129087e-02
  +5.36916320375056752012e-02-j5.86478653113815390219e-02
  +5.26534214643985809534e-02-j6.03846668195734195828e-02
  +5.11823346934602713132e-02-j6.23069686337456296599e-02
  +5.00517449637329428502e-02-j6.39909172167228840200e-02
  +4.83291710882500294422e-02-j6.60703789573520994249e-02
  +4.69170295979422710686e-02-j6.74928925310181448971e-02
  +4.52647616442186165320e-02-j6.92496332622815069513e-02
  +4.39161064762369282577e-02-j7.11881634201614599267e-02
  +4.22445825690135820518e-02-j7.27003704381493920383e-02
  +4.05336151187966411968e-02-j7.40570342169749457062e-02
  +3.85915041408819020630e-02-j7.56889504263714429921e-02
  +3.70339825043317361075e-02-j7.72884521368411153697e-02
  +3.52557756067893648955e-02-j7.86097908765811398402e-02
  +3.32832152392611713143e-02-j7.99470527810996617335e-02
  +3.17454482114684286009e-02-j8.17197017081211785072e-02
  +2.92014124182073120384e-02-j8.30380215968552631844e-02
  +2.73707953575767562460e-02-j8.41589313879041456268e-02
  +2.49023472844748690325e-02-j8.52044469955192673716e-02
  +2.31802979408013004603e-02-j8.66029208515311094141e-02
  +2.08041042027091137301e-02-j8.75889239816954462414e-02
  +1.86894002804965896070e-02-j8.88736464980511564615e-02
  +1.66124280396893544975e-02-j8.99915483687553363623e-02
  +1.41755843261429544111e-02-j9.07896430316962599338e-02
  +1.20221700650859995158e-02-j9.17001427380715189441e-02
  +9.35746456133939967514e-03-j9.24004072984755814302e-02
  +7.28588030838910917508e-03-j9.34083933253381515360e-02
  +4.52442859791768979549e-03-j9.40809946753746184633e-02
  +2.42233982030971330135e-03-j9.45614989689872870171e-02
  -2.89528053402014361097e-04-j9.52153173739091335248e-02
  -2.69909048716627641279e-03-j9.55934589232836223749e-02
  -5.13738338950415433098e-03-j9.64548703474139429437e-02
  -7.43555661691108933653e-03-j9.66102836063029435376e-02
  -1.04044175781346850962e-02-j9.65242856167461971140e-02
  -1.29429760118150768283e-02-j9.70906145233633166569e-02
  -1.57835279769430771035e-02-j9.75395255215518591774e-02
  -1.81642801900248097857e-02-j9.73310888464630347139e-02
  -2.08256361905917661281e-02-j9.72309874669762541632e-02
  -2.37521283284115140855e-02-j9.76980272081826861541e-02
  -2.60530124140435845326e-02-j9.75636347817275678684e-02
  -2.86071619634842809476e-02-j9.71669341526854440927e-02
  -3.12942639548078882505e-02-j9.69196879897950974714e-02
  -3.42175882728047164871e-02-j9.65250921024464469955e-02
  -3.67222876494841948825e-02-j9.62045594765032763274e-02
  -3.94442363047352168026e-02-j9.60007420693267943257e-02
  -4.21507128580262332984e-02-j9.54677669830118480476e-02
  -4.52039497210240670544e-02-j9.49558795648488968011e-02
  -4.73084475592276537670e-02-j9.41423685513074481879e-02
  -5.02583686318996483711e-02-j9.32582826790963742569e-02
  -5.29082181791645927982e-02-j9.24565401061661212845e-02
  -5.56425956220088918647e-02-j9.16642011515767796137e-02
  -5.84659480930066546844e-02-j9.01261697525099630957e-02
  -6.07535911856216040428e-02-j8.94692379950585564563e-02
  -6.35656103338053529717e-02-j8.80652221501420917615e-02
  -6.58020752019987525960e-02-j8.69955414420697931144e-02
  -6.90583307217886854801e-02-j8.58517098877134288148e-02
  -7.13264559418808063995e-02-j8.42708022553426555623e-02
  -7.38267971506307296714e-02-j8.27197871473227402950e-02
</dep>
<dep S[2,1] frequency>
  +1.51121502078885550091e+00+j7.67634977900295667474e-01
  +2.24388268208511565405e+00+j6.73608854249616140208e-01
  +3.13065004720813222505e+00+j3.16258336140166629313e-01
  +4.06940712547175387215e+00-j4.16687975637571983434e-01
  +4.92459244060123335629e+00-j1.62854975067644680564e+00
  +5.42210945977447345001e+00-j3.30830761748287693891e+00
  +5.34164997699476717941e+00-j5.27938086058396383038e+00
  +4.55924739559279235124e+00-j7.27718805976193827689e+00
  +3.10803649279660909599e+00-j8.93665095198254810782e+00
  +1.25260886372090096685e+00-j1.00896899272998137320e+01
  -7.77124179732692876854e-01-j1.06860428300542231739e+01
  -2.78056460239437575055e+00-j1.07434124840421905134e+01
  -4.61756335905687897991e+00-j1.03784222789016098432e+01
  -6.24351836755146472058e+00-j9.69656515973209920389e+00
  -7.60415241326237723030e+00-j8.82919421076159771644e+00
  -8.74861176518879801733e+00-j7.80694333201037249381e+00
  -9.64370309920782275981e+00-j6.69891630476849808673e+00
  -1.03080373463281329549e+01-j5.60547493434023813563e+00
  -1.08745239627695919893e+01-j4.48523894373681297765e+00
  -1.12673340612701551322e+01-j3.38629922320706411298e+00
  -1.15353249367831534045e+01-j2.28723470429604791576e+00
  -1.16694578007448424017e+01-j1.20939124796112817961e+00
  -1.16962219794375279491e+01-j2.03275832365751113473e-01
  -1.16471383416473219796e+01+j7.73876852704308615394e-01
  -1.15010848717487732529e+01+j1.70449455626453105772e+00
  -1.12842617236936657577e+01+j2.58944283460566904154e+00
  -1.10077304063441765436e+01+j3.42485558592052630189e+00
  -1.06637536810753328353e+01+j4.20032892185283301956e+00
  -1.02770783056481445072e+01+j4.92194943449300659211e+00
  -9.84705248259811227740e+00+j5.59344882175328628193e+00
  -9.40682974511503289250e+00+j6.22592482492020860008e+00
  -8.91045870268716555529e+00+j6.77569982623531164023e+00
  -8.40994036213465889773e+00+j7.29526328400313062161e+00
  -7.88521254585044228946e+00+j7.77092015670801039562e+00
  -7.33934331505434212062e+00+j8.18603559285049442451e+00
  -6.78308835160924772367e+00+j8.55365545951289973914e+00
  -6.22912806613145075829e+00+j8.87960389392332771763e+00
  -5.66913144704369820204e+00+j9.16214215452616009827e+00
  -5.10630160773887364911e+00+j9.40225192753387339906e+00
  -4.53536496856967819014e+00+j9.59787997212326438046e+00
  -3.96628733371375918892e+00+j9.76421300981064099744e+00
  -3.40177537462375711996e+00+j9.90813053466365900590e+00
  -2.84651308020756488304e+00+j9.98724647357043338047e+00
  -2.30434822648369319609e+00+j1.00484122966381654862e+01
  -1.76530712872503947608e+00+j1.00651455227829362826e+01
  -1.24266257152910752914e+00+j1.00771836335299980192e+01
  -7.26285047021978269477e-01+j1.00387163366984726309e+01
  -2.27983315058954777443e-01+j9.99444313163319897342e+00
  +2.57710565606719121945e-01+j9.91293167390412399698e+00
  +7.28797430486184616427e-01+j9.79784113068674855640e+00
  +1.18754055652440770885e+00+j9.68175198079065779666e+00
  +1.62923176098377608945e+00+j9.53462348918578150858e+00
  +2.06230172043699155893e+00+j9.36621481272699973886e+00
  +2.46536311101929861422e+00+j9.18337118896677750968e+00
  +2.86144677739276831474e+00+j8.98213010407995859907e+00
  +3.23440600927955124178e+00+j8.77863790081622497041e+00
  +3.59666120472252037743e+00+j8.55048578100033829230e+00
  +3.93926171365663257973e+00+j8.31926121540998053661e+00
  +4.26641546166444651789e+00+j8.06590903623911614773e+00
  +4.58006904209343090884e+00+j7.81177683459251248621e+00
  +4.87018953155866451965e+00+j7.54990940888365358319e+00
  +5.14104880752418669232e+00+j7.26921377951397928996e+00
  +5.39802167272712551949e+00+j6.99223542750128590484e+00
  +5.63055959084249746383e+00+j6.70024284492208010988e+00
  +5.85695906209299455014e+00+j6.39594930938609529392e+00
  +6.07092192671167119045e+00+j6.10898343278335520523e+00
  +6.25691500690742774538e+00+j5.80182043921194789959e+00
  +6.43251023960035173133e+00+j5.49982268063228918464e+00
  +6.59221082757701903887e+00+j5.18179236570186940725e+00
  +6.74441214185520987456e+00+j4.88190416263211801606e+00
  +6.86757497704328212507e+00+j4.56632606317982059352e+00
  +6.98465682426005685102e+00+j4.25681369864747782827e+00
  +7.08663835206619197038e+00+j3.94782383231876021767e+00
  +7.17297616053387177004e+00+j3.64110659221972410293e+00
  +7.25589790723030780839e+00+j3.33730229836563951906e+00
  +7.30817978162600656589e+00+j3.02614807765663407224e+00
  +7.36499215281805419409e+00+j2.72415474895541409595e+00
  +7.40080461840109471439e+00+j2.42202667353366818404e+00
  +7.42343949978191997019e+00+j2.12194395102522292973e+00
  +7.43341090206809251839e+00+j1.83012690102244413026e+00
  +7.44140274725956185620e+00+j1.54155803348039022183e+00
  +7.42886345429950090136e+00+j1.25749240920090588070e+00
  +7.41623839797718176214e+00+j9.69385630464943526263e-01
  +7.38331350491190185892e+00+j6.92046323611700486822e-01
  +7.34910931744233852925e+00+j4.19093992949914506685e-01
  +7.29670517234042392829e+00+j1.53780103859851025039e-01
  +7.23546703363361487504e+00-j1.09679270816730664584e-01
  +7.18145797770396487891e+00-j3.64873387655087866310e-01
  +7.10335208535603168656e+00-j6.12128196121058509860e-01
  +7.02480881298697656945e+00-j8.59461641894173844491e-01
  +6.93107389257107975311e+00-j1.09647391011658879023e+00
  +6.83682556926838369549e+00-j1.33135785611399359851e+00
  +6.73673441550065099648e+00-j1.55406833573129299353e+00
  +6.62851731491052564849e+00-j1.77570936207880514246e+00
  +6.51325891578800941772e+00-j1.99184286764213736021e+00
  +6.39367273438785232997e+00-j2.19750624323231980028e+00
  +6.25977948933026606682e+00-j2.39716480998263081759e+00
  +6.12867029936440133042e+00-j2.58850760056105189122e+00
  +6.00045827692345490334e+00-j2.77774583246730877306e+00
  +5.85872069632349568025e+00-j2.95754139472488652984e+00
  +5.71408664748683836621e+00-j3.13019273628911109952e+00
  +5.56439476604978011665e+00-j3.29709042547194153272e+00
  +5.41091543169916633360e+00-j3.45581750338507154297e+00
  +5.25377174912621036640e+00-j3.60794333170260328458e+00
  +5.09261091721906300478e+00-j3.75380205005985789768e+00
  +4.93193639771252367865e+00-j3.88815783468153863822e+00
  +4.77278201912815003283e+00-j4.03269736415011781361e+00
  +4.59605705817662268942e+00-j4.15445140416176528220e+00
  +4.42577734211907625195e+00-j4.27053982236852380794e+00
  +4.25667945552366600026e+00-j4.38641208361012058248e+00
  +4.08213459655367483236e+00-j4.48883855681365862011e+00
  +3.90991278670099795534e+00-j4.59130634152329530906e+00
  +3.73155094532832176668e+00-j4.68183995862880397709e+00
  +3.55185816594985936945e+00-j4.76645442176300981885e+00
  +3.37694575786563611075e+00-j4.84773256498948157400e+00
  +3.19817492812489190257e+00-j4.92495726945283074372e+00
  +3.01973535447786467500e+00-j4.99447326995901974556e+00
  +2.83976128963981944153e+00-j5.05072997509239041136e+00
  +2.65426799715758354736e+00-j5.11006304930331811676e+00
  +2.47758080532140345653e+00-j5.15981349719277382349e+00
  +2.29413988245775080088e+00-j5.19889694079521014203e+00
  +2.11608819939663916898e+00-j5.23606029286917706855e+00
  +1.93827443148886002788e+00-j5.26840960321340290307e+00
  +1.75302302955921840422e+00-j5.28983786230651009674e+00
  +1.57556513197428205153e+00-j5.31039910629501488160e+00
  +1.40194830259965597108e+00-j5.32464165320820992378e+00
  +1.22443705953796855290e+00-j5.33435465073694281557e+00
  +1.05335415064566295662e+00-j5.33767122196105869847e+00
  +8.80243351379283001101e-01-j5.33579042970044881145e+00
  +7.12096760925787997110e-01-j5.32761343644302343137e+00
  +5.36986460093666240212e-01-j5.31462954754121241763e+00
  +3.69787787876580786861e-01-j5.30275141878641331772e+00
  +2.00730386660593645987e-01-j5.27394496768753739957e+00
  +4.13527766614141881196e-02-j5.25177003346450277377e+00
  -1.24058030744556443969e-01-j5.21793768593034901215e+00
  -2.84932326918861666964e-01-j5.18033652295319324566e+00
  -4.41525039934218710425e-01-j5.13772513515624584812e+00
  -5.98293050929813996497e-01-j5.09049987404831316695e+00
  -7.48871313945229100106e-01-j5.03915968627760868515e+00
  -8.93644743854146939022e-01-j4.98441777902161842206e+00
  -1.04235221169250391604e+00-j4.92982106964147082095e+00
</dep>
<dep S[2,2] frequency>
  +3.48457689916847723755e-01-j1.41706418597579347773e-01
  +3.49505186836572612208e-01-j2.47846092453426702917e-01
  +3.20417128106314785807e-01-j3.52225461180349197488e-01
  +2.46832462573746469481e-01-j4.54953808013224270113e-01
  +1.40858343766297050559e-01-j5.36667621551943807567e-01
  -1.29802820264609403145e-03-j5.81815557539243188856e-01
  -1.51027966374297550889e-01-j5.74343937539753990329e-01
  -2.97360011079372488219e-01-j5.12129591112890358851e-01
  -3.99250878767787531487e-01-j4.14012240170814616036e-01
  -4.65296238138731221845e-01-j2.91070417046392693194e-01
  -4.90779167794351711684e-01-j1.67436178501869925572e-01
  -4.80598049840693486434e-01-j6.38008018586500580405e-02
  -4.49759866220036386153e-01+j2.71341987371213483327e-02
  -4.04673301382091399336e-01+j1.03609911167151486078e-01
  -3.52681414371252666129e-01+j1.57637687615034438604e-01
  -3.04453592036615539040e-01+j1.96164777673013934756e-01
  -2.49263437252006364586e-01+j2.20463275303752370693e-01
  -2.14408020251168229819e-01+j2.30528274623768986151e-01
  -1.72632288952753509825e-01+j2.47597307084194862004e-01
  -1.31245484329852502015e-01+j2.50430367606602755082e-01
  -9.70288330230737461335e-02+j2.50431821443765967317e-01
  -6.95002782227058940601e-02+j2.44726667500340749895e-01
  -4.06610285882195998663e-02+j2.39131531120234497312e-01
  -1.25689213633546625903e-02+j2.29501236314347101253e-01
  +6.82639025412250244340e-03+j2.21851064773332273816e-01
  +2.58328210297894544922e-02+j2.10568466506121793058e-01
  +4.29017682292827384760e-02+j1.98881293311935686274e-01
  +5.62964156847000352091e-02+j1.87518443415014779418e-01
  +6.97050185755511975128e-02+j1.74424447230849488655e-01
  +7.74331725233676076980e-02+j1.63416243781141334868e-01
  +8.59877516647444967157e-02+j1.50168282795642038518e-01
  +9.37017481790938799868e-02+j1.40155984423049689847e-01
  +9.77788393485477386191e-02+j1.26721803045853037561e-01
  +1.02508292843827550356e-01+j1.15725061360494138607e-01
  +1.03514643966153077614e-01+j1.03815714644404491485e-01
  +1.06264388772132095662e-01+j9.37575943574423809057e-02
  +1.07362648380688208150e-01+j8.54259328907511772400e-02
  +1.07472511669966422354e-01+j7.65506536706549861604e-02
  +1.06948457587031031668e-01+j6.81967352686945055273e-02
  +1.07109702352127494906e-01+j5.97851595787416978389e-02
  +1.04849623553858170566e-01+j5.23318756369940130124e-02
  +1.02533878085935115099e-01+j4.37706773865047873984e-02
  +9.98124348706210251514e-02+j3.75636424284674502738e-02
  +9.90409238788036994094e-02+j3.22912372422628976554e-02
  +9.23043601545157493815e-02+j2.68201102197907007008e-02
  +8.86792524632811357543e-02+j2.11572647116498660513e-02
  +8.48345188851811898845e-02+j1.76314357425169827842e-02
  +8.18874818125370773636e-02+j1.33360582656961903364e-02
  +7.81101773509245006499e-02+j9.36613401677110872512e-03
  +7.27102740332127434053e-02+j5.11784924703730017409e-03
  +6.77492552261942937442e-02+j3.04258906993235336835e-03
  +6.40852636285243471015e-02-j8.30197285450926317218e-04
  +5.79271173649583553944e-02-j1.96347307299667497849e-03
  +5.48348530115751742198e-02-j3.23840943209168299899e-03
  +4.99223805585386481987e-02-j5.21001168787578461394e-03
  +4.59011772644057763904e-02-j6.28932848013877970894e-03
  +4.12980825716175309337e-02-j6.50401596357520067615e-03
  +3.62069267234852443238e-02-j6.40545705348693344972e-03
  +3.17910872313139428180e-02-j4.41136724581552008839e-03
  +2.67662258603462432927e-02-j6.08298738153903451042e-03
  +2.37026682232083299451e-02-j5.18569057209657818808e-03
  +1.92640491285026652091e-02-j2.87650337623744645210e-03
  +1.59325524915866489906e-02-j3.59249773266386712711e-03
  +1.36881761129192466853e-02+j1.93324361344546225006e-04
  +9.18291866865067474279e-03+j1.93094383661664148466e-03
  +5.65396164754512417505e-03+j2.31083946515533988908e-03
  +3.00718789357049681721e-03+j4.64325340660368124368e-03
  -1.30690722987599622362e-04+j6.97582900814616713170e-03
  -3.45139623831522066033e-03+j9.65452465415966853968e-03
  -6.48250446189209579562e-03+j1.18533778464651046169e-02
  -8.50142268865875308514e-03+j1.62339288971237033499e-02
  -9.74129882568551541677e-03+j1.77158360344459170355e-02
  -1.20609314499006553545e-02+j2.06224248654215402965e-02
  -1.42232116113201571828e-02+j2.30669393570466230159e-02
  -1.59483470518804459903e-02+j2.65389465081535338986e-02
  -1.71177299116418886460e-02+j3.00881115277209856829e-02
  -1.87729590812523335075e-02+j3.26337030505088679377e-02
  -2.00746675803681190464e-02+j3.53703654788320304148e-02
  -2.07668823843665771578e-02+j3.88292844516935908850e-02
  -2.10951457666961363080e-02+j4.22503743702155043493e-02
  -2.27834207606890243314e-02+j4.43881264025311125798e-02
  -2.23275232977468082729e-02+j4.73062625751390145035e-02
  -2.39454890792711941327e-02+j5.05921498801264191147e-02
  -2.33488998549805232274e-02+j5.38391597684389905387e-02
  -2.42603229297544270571e-02+j5.63983891892931923917e-02
  -2.40527113921325391699e-02+j5.91772805298967710663e-02
  -2.39209021979335453856e-02+j6.28099327564439618987e-02
  -2.30622359212233479786e-02+j6.47545793621823184694e-02
  -2.35152445496349740695e-02+j6.74009657699016495602e-02
  -2.27735735499891567279e-02+j6.97549720329150996223e-02
  -2.17742771962121453577e-02+j7.18846955640309037694e-02
  -2.17101354133024532223e-02+j7.42784735798131395823e-02
  -2.07548756349968596679e-02+j7.66522184970542252991e-02
  -2.07853017084068877884e-02+j7.90804747813838998516e-02
  -2.00147281571995613869e-02+j8.17369401847090892854e-02
  -1.93791186633363032854e-02+j8.34141108925037094712e-02
  -1.85511182458301046583e-02+j8.54672337401561205139e-02
  -1.74658039601570877486e-02+j8.82106896868096318487e-02
  -1.70338086379100417389e-02+j8.90784871377208742338e-02
  -1.53198149117509396788e-02+j9.18163837904177049243e-02
  -1.49733589563805918887e-02+j9.27795780007965031899e-02
  -1.32234365597858755104e-02+j9.37335407084609051331e-02
  -1.28323986199384773577e-02+j9.54576423508146088004e-02
  -1.23879717006422224168e-02+j9.68286450581817836891e-02
  -1.17195407002266757668e-02+j9.85205067873542172929e-02
  -1.12541808489585171138e-02+j9.97192862539974800296e-02
  -1.07515812705066271526e-02+j1.01636913908573489618e-01
  -9.75633724420661013754e-03+j1.02957809753561668753e-01
  -8.81808857950054647556e-03+j1.03990988807821330142e-01
  -8.00745062896271106445e-03+j1.05160484558877734274e-01
  -6.66352716324202648535e-03+j1.06649118491206756909e-01
  -5.64318816356234112530e-03+j1.07321461577280646837e-01
  -5.91414116070633835709e-03+j1.08259827179387119189e-01
  -5.63424494587576665805e-03+j1.08456681991453141034e-01
  -5.14661087210883938514e-03+j1.09644457695041525058e-01
  -5.33493851898425228142e-03+j1.10563521516737983674e-01
  -5.57920090451384000085e-03+j1.12328857368422199703e-01
  -4.88419442446774709765e-03+j1.13065146829451582122e-01
  -5.13887661955807553693e-03+j1.15759183976226615043e-01
  -4.88686956210627933966e-03+j1.16200600933537831483e-01
  -4.57148349135682446898e-03+j1.17096042480347217740e-01
  -3.80331938992424034920e-03+j1.19236472190583003838e-01
  -3.83261791364776244900e-03+j1.19746384526537338888e-01
  -3.42847092207635610953e-03+j1.21605563533744950866e-01
  -2.71693935388962791791e-03+j1.22618980725363868611e-01
  -3.22035351233203748916e-03+j1.23392977285769769868e-01
  -3.59956927223299086999e-03+j1.24542905162913414285e-01
  -4.50290177268617211603e-03+j1.25317893319348117043e-01
  -4.27744272904896118137e-03+j1.26742969020238960276e-01
  -5.24140405821038081469e-03+j1.29168954515362421898e-01
  -4.73514939501281165168e-03+j1.32223533690794647910e-01
  -4.33424398421193915465e-03+j1.33924620723037762771e-01
  -5.68165937572874188422e-03+j1.35566669055761895857e-01
  -5.30519293119408041903e-03+j1.37402283877589015404e-01
  -4.13852651224317150125e-03+j1.40357823336560688654e-01
  -3.89691494731828416698e-03+j1.41942903923510027608e-01
  -3.48459989135269099236e-03+j1.44067594895553624523e-01
  -3.89851313562072920860e-03+j1.46120709007203530838e-01
  -4.34057806595650533255e-03+j1.48343220458960062258e-01
  -3.83453536991959151314e-03+j1.50146466206346695937e-01
  -4.69169122559749685042e-03+j1.53112912610990581364e-01
</dep>
