<Qucs Dataset 1.0.5>
<indep frequency 141>
  +1.00000000000000000000e+08
  +1.10000000000000000000e+08
  +1.20000000000000000000e+08
  +1.30000000000000000000e+08
  +1.40000000000000000000e+08
  +1.50000000000000000000e+08
  +1.60000000000000000000e+08
  +1.70000000000000000000e+08
  +1.80000000000000000000e+08
  +1.90000000000000000000e+08
  +2.00000000000000000000e+08
  +2.10000000000000000000e+08
  +2.20000000000000000000e+08
  +2.30000000000000000000e+08
  +2.40000000000000000000e+08
  +2.50000000000000000000e+08
  +2.60000000000000000000e+08
  +2.70000000000000000000e+08
  +2.80000000000000000000e+08
  +2.90000000000000000000e+08
  +3.00000000000000000000e+08
  +3.10000000000000000000e+08
  +3.20000000000000000000e+08
  +3.30000000000000000000e+08
  +3.40000000000000000000e+08
  +3.50000000000000000000e+08
  +3.60000000000000000000e+08
  +3.70000000000000000000e+08
  +3.80000000000000000000e+08
  +3.90000000000000000000e+08
  +4.00000000000000000000e+08
  +4.10000000000000000000e+08
  +4.20000000000000000000e+08
  +4.30000000000000000000e+08
  +4.40000000000000000000e+08
  +4.50000000000000000000e+08
  +4.60000000000000000000e+08
  +4.70000000000000000000e+08
  +4.80000000000000000000e+08
  +4.90000000000000000000e+08
  +5.00000000000000000000e+08
  +5.10000000000000000000e+08
  +5.20000000000000000000e+08
  +5.30000000000000000000e+08
  +5.40000000000000000000e+08
  +5.50000000000000000000e+08
  +5.60000000000000000000e+08
  +5.70000000000000000000e+08
  +5.80000000000000000000e+08
  +5.90000000000000000000e+08
  +6.00000000000000000000e+08
  +6.10000000000000000000e+08
  +6.20000000000000000000e+08
  +6.30000000000000000000e+08
  +6.40000000000000000000e+08
  +6.50000000000000000000e+08
  +6.60000000000000000000e+08
  +6.70000000000000000000e+08
  +6.80000000000000000000e+08
  +6.90000000000000000000e+08
  +7.00000000000000000000e+08
  +7.10000000000000000000e+08
  +7.20000000000000000000e+08
  +7.30000000000000000000e+08
  +7.40000000000000000000e+08
  +7.50000000000000000000e+08
  +7.60000000000000000000e+08
  +7.70000000000000000000e+08
  +7.80000000000000000000e+08
  +7.90000000000000000000e+08
  +8.00000000000000000000e+08
  +8.10000000000000000000e+08
  +8.20000000000000000000e+08
  +8.30000000000000000000e+08
  +8.40000000000000000000e+08
  +8.50000000000000000000e+08
  +8.60000000000000000000e+08
  +8.70000000000000000000e+08
  +8.80000000000000000000e+08
  +8.90000000000000000000e+08
  +9.00000000000000000000e+08
  +9.10000000000000000000e+08
  +9.20000000000000000000e+08
  +9.30000000000000000000e+08
  +9.40000000000000000000e+08
  +9.50000000000000000000e+08
  +9.60000000000000000000e+08
  +9.70000000000000000000e+08
  +9.80000000000000000000e+08
  +9.90000000000000000000e+08
  +1.00000000000000000000e+09
  +1.01000000000000000000e+09
  +1.02000000000000000000e+09
  +1.03000000000000000000e+09
  +1.04000000000000000000e+09
  +1.05000000000000000000e+09
  +1.06000000000000000000e+09
  +1.07000000000000000000e+09
  +1.08000000000000000000e+09
  +1.09000000000000000000e+09
  +1.10000000000000000000e+09
  +1.11000000000000000000e+09
  +1.12000000000000000000e+09
  +1.13000000000000000000e+09
  +1.14000000000000000000e+09
  +1.15000000000000000000e+09
  +1.16000000000000000000e+09
  +1.17000000000000000000e+09
  +1.18000000000000000000e+09
  +1.19000000000000000000e+09
  +1.20000000000000000000e+09
  +1.21000000000000000000e+09
  +1.22000000000000000000e+09
  +1.23000000000000000000e+09
  +1.24000000000000000000e+09
  +1.25000000000000000000e+09
  +1.26000000000000000000e+09
  +1.27000000000000000000e+09
  +1.28000000000000000000e+09
  +1.29000000000000000000e+09
  +1.30000000000000000000e+09
  +1.31000000000000000000e+09
  +1.32000000000000000000e+09
  +1.33000000000000000000e+09
  +1.34000000000000000000e+09
  +1.35000000000000000000e+09
  +1.36000000000000000000e+09
  +1.37000000000000000000e+09
  +1.38000000000000000000e+09
  +1.39000000000000000000e+09
  +1.40000000000000000000e+09
  +1.41000000000000000000e+09
  +1.42000000000000000000e+09
  +1.43000000000000000000e+09
  +1.44000000000000000000e+09
  +1.45000000000000000000e+09
  +1.46000000000000000000e+09
  +1.47000000000000000000e+09
  +1.48000000000000000000e+09
  +1.49000000000000000000e+09
  +1.50000000000000000000e+09
</indep>
<dep dBS12 frequency>
  -5.31000965599311030019e+01
  -4.99448935545161418759e+01
  -4.73182109761342104548e+01
  -4.49414786319396029057e+01
  -4.28102596252464167037e+01
  -4.07995440055334128715e+01
  -3.90361348309081108710e+01
  -3.73395414590888847783e+01
  -3.59199846504493720545e+01
  -3.45767062656895518558e+01
  -3.33841092124882479197e+01
  -3.24209156090009216200e+01
  -3.15829577617904959652e+01
  -3.07743094774042660333e+01
  -3.01807691742807193691e+01
  -2.96118272836760176858e+01
  -2.91641525254316320570e+01
  -2.89255260838931214096e+01
  -2.84741502043004075517e+01
  -2.82430398980638308615e+01
  -2.80303369478244768231e+01
  -2.78709260578652582296e+01
  -2.75890562576978695120e+01
  -2.74446829451754581441e+01
  -2.72694885560272339831e+01
  -2.71167790769877079526e+01
  -2.70071715742413012151e+01
  -2.68727333428452972441e+01
  -2.67017265635244704924e+01
  -2.66420018925231403273e+01
  -2.65064923250478692296e+01
  -2.63873634495868998329e+01
  -2.63262493174340228563e+01
  -2.62111248241369381162e+01
  -2.61298047165989615337e+01
  -2.60054411613220928245e+01
  -2.58525595368709630861e+01
  -2.58027686429358595888e+01
  -2.57142918634268795586e+01
  -2.55932089424724722448e+01
  -2.55353296309107626882e+01
  -2.54083554684673948998e+01
  -2.53309704517681097968e+01
  -2.51994694022470078210e+01
  -2.51624256955641598665e+01
  -2.50539086990827826185e+01
  -2.49426933044955632113e+01
  -2.48550387723737742363e+01
  -2.47486729919350345597e+01
  -2.46228659467937340821e+01
  -2.46062463106291886561e+01
  -2.44719765887779843183e+01
  -2.44058668774801574841e+01
  -2.43398992906133102565e+01
  -2.42054211293624597090e+01
  -2.41208390286061700181e+01
  -2.40733441840982891335e+01
  -2.39886789689682977667e+01
  -2.38805108850806213638e+01
  -2.37772112069134387013e+01
  -2.37328435035131235509e+01
  -2.36674000552560990229e+01
  -2.35852600681560033991e+01
  -2.35100155200574505443e+01
  -2.34461321812720804303e+01
  -2.33247254242059582907e+01
  -2.32716404994066330403e+01
  -2.31792744885185051373e+01
  -2.30860162746113140031e+01
  -2.30041896370149814288e+01
  -2.30012050808155343873e+01
  -2.28700264970787117136e+01
  -2.27982349965588007024e+01
  -2.27279467164489901165e+01
  -2.26861574658471276678e+01
  -2.26056767995958765027e+01
  -2.25456620752095417970e+01
  -2.24552465115097064086e+01
  -2.23855683800437432751e+01
  -2.23355776489252804140e+01
  -2.22668793165152365532e+01
  -2.21980277033762973815e+01
  -2.21185485648511672707e+01
  -2.20593259123818761225e+01
  -2.19909035621748500944e+01
  -2.19223623404556100525e+01
  -2.18629590934616757636e+01
  -2.17957586437556969372e+01
  -2.17272878728362783818e+01
  -2.16891519315960401570e+01
  -2.16309071002212149892e+01
  -2.15333327514089205579e+01
  -2.14856964111356596447e+01
  -2.14484042579304059473e+01
  -2.13911527591730532549e+01
  -2.13139703477760065198e+01
  -2.12666426558871570762e+01
  -2.12196181179113523285e+01
  -2.11121417688807042623e+01
  -2.10749001371470576771e+01
  -2.10273843340678112668e+01
  -2.09999922595283194937e+01
  -2.09127499649177934771e+01
  -2.08755442171902032555e+01
  -2.07982271614805043214e+01
  -2.07311965208060335897e+01
  -2.06940578914060182569e+01
  -2.06370351011434181032e+01
  -2.05999443032270264098e+01
  -2.05228860676348645597e+01
  -2.04758445870967378255e+01
  -2.04383621035661491305e+01
  -2.03807972104917247691e+01
  -2.03429230505533951145e+01
  -2.02554392493486368210e+01
  -2.02276194237160389378e+01
  -2.02097778017809375228e+01
  -2.01322433188981442242e+01
  -2.00547633068864996631e+01
  -2.00367696529047591980e+01
  -1.99991387127895627884e+01
  -1.99016339359122973462e+01
  -1.98636827257071928443e+01
  -1.98361448158397344343e+01
  -1.97880754923381054766e+01
  -1.97398267774027331711e+01
  -1.96915606120632418197e+01
  -1.96229715102366952806e+01
  -1.95746189535950492200e+01
  -1.95063546550998587747e+01
  -1.94885998635006814084e+01
  -1.94402101089051697613e+01
  -1.93915590371534030112e+01
  -1.93332436471436750480e+01
  -1.93155519845155403402e+01
  -1.92569592407873528828e+01
  -1.92187900346028648357e+01
  -1.91803880009196880962e+01
  -1.90920683847089556195e+01
  -1.90735578284013449490e+01
  -1.90352010632556343239e+01
</dep>
<dep dBS21 frequency>
  +2.13990344006890165218e+00
  +4.69510644548385958075e+00
  +6.98178902386578315031e+00
  +8.96852136806039190731e+00
  +1.08197403747535876306e+01
  +1.24704559944665867022e+01
  +1.39738651690918818105e+01
  +1.53304585409111098215e+01
  +1.65000153495506260981e+01
  +1.75432937343104491390e+01
  +1.84558907875117519382e+01
  +1.91990843909990722693e+01
  +1.98170422382095026137e+01
  +2.03256905225957282823e+01
  +2.07192308257192792098e+01
  +2.10081727163239833089e+01
  +2.12058474745683653850e+01
  +2.13044739161068754640e+01
  +2.14458497956995941536e+01
  +2.15169601019361742544e+01
  +2.15596630521755336929e+01
  +2.15590739421347450389e+01
  +2.15509437423021275038e+01
  +2.15353170548245351767e+01
  +2.15005114439727691433e+01
  +2.14532209230122958843e+01
  +2.14028284257586953743e+01
  +2.13372666571547107139e+01
  +2.12682734364755319234e+01
  +2.11979981074768630833e+01
  +2.11435076749521400075e+01
  +2.10626365504131030093e+01
  +2.09937506825659738752e+01
  +2.09288751758630588995e+01
  +2.08501952834010495508e+01
  +2.07745588386779047596e+01
  +2.07074404631290356349e+01
  +2.06372313570641381375e+01
  +2.05657081365731144729e+01
  +2.04867910575275260499e+01
  +2.04146703690892366012e+01
  +2.03516445315326031107e+01
  +2.02690295482318951770e+01
  +2.02005305977529943107e+01
  +2.01175743044358412703e+01
  +2.00560913009172310240e+01
  +1.99773066955044349413e+01
  +1.99149612276262288901e+01
  +1.98413270080649652982e+01
  +1.97571340532062649231e+01
  +1.96937536893708156072e+01
  +1.96180234112220084342e+01
  +1.95441331225198524635e+01
  +1.94701007093866955699e+01
  +1.93945788706375452648e+01
  +1.93291609713938328241e+01
  +1.92566558159017091612e+01
  +1.91913210310317019491e+01
  +1.91194891149193786362e+01
  +1.90527887930865666988e+01
  +1.89871564964868753123e+01
  +1.89125999447439028245e+01
  +1.88447399318439998694e+01
  +1.87699844799425505926e+01
  +1.86938678187279236909e+01
  +1.86352745757940425619e+01
  +1.85583595005933617017e+01
  +1.84907255114814930153e+01
  +1.84139837253886859969e+01
  +1.83558103629850180027e+01
  +1.82787949191844631969e+01
  +1.82099735029212830284e+01
  +1.81417650034411970239e+01
  +1.80720532835510141467e+01
  +1.80138425341528716217e+01
  +1.79343232004041261973e+01
  +1.78743379247904563556e+01
  +1.78047534884902916019e+01
  +1.77344316199562506142e+01
  +1.76644223510747195860e+01
  +1.76031206834847679943e+01
  +1.75319722966237065975e+01
  +1.74714514351488290345e+01
  +1.74006740876181211775e+01
  +1.73390964378251482003e+01
  +1.72676376595443947792e+01
  +1.71970409065383229574e+01
  +1.71442413562443007891e+01
  +1.70727121271637187760e+01
  +1.70108480684039626851e+01
  +1.69390928997787852950e+01
  +1.68766672485910760315e+01
  +1.68143035888643339604e+01
  +1.67515957420695897895e+01
  +1.66888472408269450398e+01
  +1.66260296522239947592e+01
  +1.65533573441128432080e+01
  +1.64903818820886520768e+01
  +1.64378582311193000010e+01
  +1.63750998628529380596e+01
  +1.63126156659321850384e+01
  +1.62500077404716805063e+01
  +1.61872500350822008386e+01
  +1.61244557828097896390e+01
  +1.60617728385195022156e+01
  +1.59988034791939632839e+01
  +1.59559421085939856511e+01
  +1.58829648988565850232e+01
  +1.58200556967729788482e+01
  +1.57671139323651328112e+01
  +1.57041554129032689957e+01
  +1.56516378964338453983e+01
  +1.55892027895082723177e+01
  +1.55270769494465987748e+01
  +1.54745607506513600526e+01
  +1.54223805762839596412e+01
  +1.53702221982190589955e+01
  +1.53077566811018535020e+01
  +1.52552366931134955053e+01
  +1.52032303470952427915e+01
  +1.51408612872104431091e+01
  +1.50883660640877010906e+01
  +1.50363172742928057346e+01
  +1.49738551841602642867e+01
  +1.49219245076618971524e+01
  +1.48701732225972662604e+01
  +1.48184393879367561908e+01
  +1.47670284897633052879e+01
  +1.47153810464049463747e+01
  +1.46636453449001358251e+01
  +1.46114001364993129073e+01
  +1.45697898910948318019e+01
  +1.45084409628465937914e+01
  +1.44667563528563221098e+01
  +1.44144480154844618625e+01
  +1.43630407592126410066e+01
  +1.43112099653971380775e+01
  +1.42596119990803060773e+01
  +1.42079316152910433146e+01
  +1.41564421715986519246e+01
  +1.41147989367443678077e+01
</dep>
<dep dBS22 frequency>
  -3.13379005706467372860e+00
  -2.68475912339427225106e+00
  -2.29415412409419472439e+00
  -1.96345918594541557489e+00
  -1.72372473757020117091e+00
  -1.57808575271422535380e+00
  -1.54782090623192924994e+00
  -1.62357703697008770582e+00
  -1.82866742046673325106e+00
  -2.16143822813807107153e+00
  -2.61975946749232324606e+00
  -3.20494099572949320276e+00
  -3.94129168519197436993e+00
  -4.84668522430801029799e+00
  -5.88723039664400538129e+00
  -6.97553752473056398742e+00
  -8.33715686798239730138e+00
  -9.40682635146550971683e+00
  -1.08573429839166770705e+01
  -1.25245492815905876682e+01
  -1.42355950217165414529e+01
  -1.59217323702465023416e+01
  -1.80656086458981448573e+01
  -2.06422116272120987901e+01
  -2.30064879742945223029e+01
  -2.52878342151054944509e+01
  -2.64859690740222610827e+01
  -2.60376229181387159883e+01
  -2.44274052857244186043e+01
  -2.32044606120730207977e+01
  -2.17748549739155734528e+01
  -2.08079071466051424011e+01
  -1.98402181581043315362e+01
  -1.90967685251049488215e+01
  -1.85064455632188042955e+01
  -1.79883937133023614763e+01
  -1.76504878640511897459e+01
  -1.73268609394379922151e+01
  -1.70577562506708204637e+01
  -1.67667302871800778519e+01
  -1.66003308858892282274e+01
  -1.63761786372001409973e+01
  -1.62745467162322832166e+01
  -1.61628194619632594708e+01
  -1.61845565280726404467e+01
  -1.61093824255077322505e+01
  -1.61377721829738121073e+01
  -1.61015485411807475202e+01
  -1.60918117282290111802e+01
  -1.60890968033621710731e+01
  -1.61798000829063255424e+01
  -1.61473710160639676303e+01
  -1.62874915976840597409e+01
  -1.63707221381379781633e+01
  -1.64325032358217306694e+01
  -1.65253739488958864001e+01
  -1.66663930147398211545e+01
  -1.68226751480506209191e+01
  -1.70807673816229446118e+01
  -1.71142814832023120175e+01
  -1.72890064026424603583e+01
  -1.75539634660535384114e+01
  -1.76183405487443494053e+01
  -1.79765262450317990783e+01
  -1.81951912092477563476e+01
  -1.83156341221444733947e+01
  -1.85747140627727631568e+01
  -1.88297070157550479053e+01
  -1.91064640965749461543e+01
  -1.93468843646033334949e+01
  -1.97773055289701602533e+01
  -1.99913989867405845757e+01
  -2.03035337278421152973e+01
  -2.05789383198204767211e+01
  -2.09585279866332818699e+01
  -2.13701771097669315225e+01
  -2.16744855264563369701e+01
  -2.20119018598509406104e+01
  -2.24551938297616651141e+01
  -2.29265419892275517100e+01
  -2.31877315866482973661e+01
  -2.36712723613077358209e+01
  -2.40618326930343684467e+01
  -2.46258228308036635212e+01
  -2.49878510298167171300e+01
  -2.54862800752510345603e+01
  -2.60972603420622064618e+01
  -2.65974529468885734218e+01
  -2.70212280452447863865e+01
  -2.75825694712983526813e+01
  -2.81761376722977097131e+01
  -2.86418003195001276140e+01
  -2.92787562116961517233e+01
  -2.96886686135080104521e+01
  -3.02793280192423317487e+01
  -3.07107847557604216604e+01
  -3.11943500447598012215e+01
  -3.17254083716660808534e+01
  -3.19305938433877187776e+01
  -3.24893497526411749732e+01
  -3.25444445714016552529e+01
  -3.30662026353942763990e+01
  -3.29121755535141531368e+01
  -3.27504796584912440949e+01
  -3.25260349687984131606e+01
  -3.22837901991163676030e+01
  -3.18399348422243768653e+01
  -3.16112045331029136719e+01
  -3.14015469854742832467e+01
  -3.11028473167559553758e+01
  -3.07769063628035546287e+01
  -3.05938864067444882266e+01
  -3.01786364679321579274e+01
  -3.00294299914681133146e+01
  -2.96525228038055672641e+01
  -2.92900982613074667427e+01
  -2.87443924863853048635e+01
  -2.85223580352922283510e+01
  -2.78238263597629824631e+01
  -2.76518563237281256306e+01
  -2.73956077643264066523e+01
  -2.69263524208780999913e+01
  -2.67448830634750009949e+01
  -2.63399742726195142950e+01
  -2.61073037767889957195e+01
  -2.58846216583384602927e+01
  -2.56099962155675378028e+01
  -2.53893839107957646206e+01
  -2.51064512425582684330e+01
  -2.46511153158847591271e+01
  -2.41677962502512073684e+01
  -2.38881949657141703369e+01
  -2.35888801261381253482e+01
  -2.33111742854072687692e+01
  -2.29174479573888731920e+01
  -2.26861404329743265862e+01
  -2.24008115952452939723e+01
  -2.21221978602696900396e+01
  -2.18341021618864949971e+01
  -2.16110381454579822957e+01
  -2.12598611577822147467e+01
</dep>
<dep K frequency>
  +7.38985419160333023569e+00
  +4.26645180998158490837e+00
  +2.84376461741534036776e+00
  +2.11685064483553331272e+00
  +1.72950164006653506199e+00
  +1.50792184264557627138e+00
  +1.38676182989302199111e+00
  +1.30538100265837786473e+00
  +1.26589809799174601856e+00
  +1.23499290638524783503e+00
  +1.21253448497556060026e+00
  +1.20131686950345750731e+00
  +1.19430121401610356280e+00
  +1.18431022133539864960e+00
  +1.18220595007737094839e+00
  +1.17518990300865255882e+00
  +1.17275831704666511079e+00
  +1.17674940739806976886e+00
  +1.16609379142705171795e+00
  +1.16766230916262303552e+00
  +1.16760525259453906699e+00
  +1.16912038029658771343e+00
  +1.16278733215504548326e+00
  +1.16316542078587015219e+00
  +1.16165320411979533510e+00
  +1.15995480113402882338e+00
  +1.16077184103790820302e+00
  +1.16007001684578625600e+00
  +1.15645152467615730529e+00
  +1.15994229291995409881e+00
  +1.15677582044180837784e+00
  +1.15692441755419994642e+00
  +1.15890412366382289377e+00
  +1.15750982331937857239e+00
  +1.15869159975949775898e+00
  +1.15712778229521751072e+00
  +1.15289486722657352757e+00
  +1.15541318095283007672e+00
  +1.15527781577337917973e+00
  +1.15362419833107887612e+00
  +1.15545235644683952358e+00
  +1.15192774985308088453e+00
  +1.15304154069585829134e+00
  +1.14996739712208717599e+00
  +1.15373965188025651152e+00
  +1.15136929603646542830e+00
  +1.15020397796039453020e+00
  +1.14916391985092403161e+00
  +1.14757518091184662623e+00
  +1.14535136762579203840e+00
  +1.14899837957942696498e+00
  +1.14546537360631583979e+00
  +1.14660492964524185489e+00
  +1.14758758784161885025e+00
  +1.14411734113256491341e+00
  +1.14323952317602750561e+00
  +1.14528249724641395524e+00
  +1.14445393113925586448e+00
  +1.14272381757177354800e+00
  +1.14036823770172235371e+00
  +1.14197372984691436493e+00
  +1.14298909038420326567e+00
  +1.14197066122258861220e+00
  +1.14248365604257906547e+00
  +1.14340924399364984865e+00
  +1.13931829083842983685e+00
  +1.14097613255552898792e+00
  +1.13947151863779483350e+00
  +1.13849214398348852484e+00
  +1.13689783242220832093e+00
  +1.14182986949730191917e+00
  +1.13760044822051731295e+00
  +1.13724781505943406401e+00
  +1.13707380565252558213e+00
  +1.13795565794557052008e+00
  +1.13794761528555699037e+00
  +1.13767865712238713805e+00
  +1.13604163242750089147e+00
  +1.13595710295843388415e+00
  +1.13702697295005106248e+00
  +1.13614706145342925225e+00
  +1.13605719384154935092e+00
  +1.13433680130399516806e+00
  +1.13479274648865513520e+00
  +1.13393223913139218340e+00
  +1.13360057938846936487e+00
  +1.13395204913225788879e+00
  +1.13265072134359656708e+00
  +1.13235731755000568199e+00
  +1.13335208548758092917e+00
  +1.13362055370769465590e+00
  +1.13100847116798264302e+00
  +1.13169647475409429482e+00
  +1.13265842881186418190e+00
  +1.13252395948324280361e+00
  +1.13097955151516238459e+00
  +1.13214924346401568656e+00
  +1.13275810135864585249e+00
  +1.12834233891454283061e+00
  +1.12936057203761497369e+00
  +1.12997646363908010869e+00
  +1.13164304698714812680e+00
  +1.12943279920778327785e+00
  +1.13039713578229616964e+00
  +1.12924562272749984260e+00
  +1.12835747373172301522e+00
  +1.12800955206763431349e+00
  +1.12882375598460060750e+00
  +1.12973570959264124625e+00
  +1.12765311327524875296e+00
  +1.12827565800670392981e+00
  +1.12872617861612911661e+00
  +1.12809675653537722084e+00
  +1.12930298969647990859e+00
  +1.12649655597940379081e+00
  +1.12753330269262597163e+00
  +1.12926995439352229056e+00
  +1.12814989087645600740e+00
  +1.12577815315641127647e+00
  +1.12788990745937311999e+00
  +1.12895716769988774253e+00
  +1.12559688681635994278e+00
  +1.12585185258897180205e+00
  +1.12721438643087767950e+00
  +1.12716321403263886047e+00
  +1.12680932181847026641e+00
  +1.12650675718918047430e+00
  +1.12506540862883963605e+00
  +1.12525657980802473723e+00
  +1.12369668681748380301e+00
  +1.12541193876457645828e+00
  +1.12500367166175174738e+00
  +1.12534072991432054778e+00
  +1.12399998512277421447e+00
  +1.12556287866916848728e+00
  +1.12494977582889799095e+00
  +1.12511502297556509333e+00
  +1.12553605467394368667e+00
  +1.12254844440830092722e+00
  +1.12451143001678488531e+00
  +1.12442848028568964658e+00
</dep>
<dep dBS11 frequency>
  -3.60633487018140908020e-01
  -4.19270577778986186512e-01
  -4.99299193027119059263e-01
  -6.00256263112206811527e-01
  -7.43351805765080531074e-01
  -9.27153017829609571443e-01
  -1.17119814739614058752e+00
  -1.47475683525488276970e+00
  -1.86620200743924269382e+00
  -2.33732289393103798147e+00
  -2.90504148988040089563e+00
  -3.56223229492255821782e+00
  -4.30104193916191235303e+00
  -5.13664390006288940071e+00
  -6.02089627728960330444e+00
  -6.94178625392812698180e+00
  -7.89111184433482737433e+00
  -8.65784766730854649097e+00
  -9.56933160347176503535e+00
  -1.03625297348822531518e+01
  -1.10637635087623227292e+01
  -1.16305933257360472055e+01
  -1.22341906671599147671e+01
  -1.26188605107764360014e+01
  -1.30014261683431406880e+01
  -1.32214548396552178389e+01
  -1.33810392380539475710e+01
  -1.35286010679383821298e+01
  -1.36375167595280029076e+01
  -1.37203412775660265055e+01
  -1.38140543680782776903e+01
  -1.39299196168153081032e+01
  -1.39903408589648137195e+01
  -1.41355257711547999122e+01
  -1.42470982092127425034e+01
  -1.44129136891268245790e+01
  -1.45721877757068227766e+01
  -1.47289230136534285975e+01
  -1.48755873017816284687e+01
  -1.50609675823805950756e+01
  -1.52556742938068872206e+01
  -1.54485698244381293165e+01
  -1.56564335864371084739e+01
  -1.59445312706649460210e+01
  -1.61738993287603385340e+01
  -1.64718735805559610696e+01
  -1.68558738492452633295e+01
  -1.71810384057884384390e+01
  -1.74978880799573168758e+01
  -1.78575085078075090905e+01
  -1.82555052940373947479e+01
  -1.86072145406598750128e+01
  -1.90197045770708257351e+01
  -1.94789632689564058410e+01
  -1.98972373527442378816e+01
  -2.03652610307806192225e+01
  -2.10625826349693241468e+01
  -2.16223378581559515510e+01
  -2.23901869234725694469e+01
  -2.31183021045340524324e+01
  -2.38890664876641167780e+01
  -2.47939824779745165984e+01
  -2.56643397423582051431e+01
  -2.66901664515632290886e+01
  -2.79098552301089029015e+01
  -2.89667604383745782570e+01
  -3.03571945399847145097e+01
  -3.15837447230601675585e+01
  -3.31707677448756328431e+01
  -3.39299456435851851666e+01
  -3.39561645044141329208e+01
  -3.34638861476558275854e+01
  -3.22920365644564171248e+01
  -3.11162790679834166951e+01
  -2.96502524924086010572e+01
  -2.86597060509893530877e+01
  -2.75981222113456468037e+01
  -2.65826271274720546955e+01
  -2.57075450859493699340e+01
  -2.48593545256026331458e+01
  -2.42023362964057540125e+01
  -2.35241729371337910948e+01
  -2.28212566338479803107e+01
  -2.22301687452339002959e+01
  -2.17519896619114021519e+01
  -2.11959247917177506793e+01
  -2.07239887326743890128e+01
  -2.03392185698790584070e+01
  -1.99738161428651643803e+01
  -1.95840701644281480753e+01
  -1.91964190976001383149e+01
  -1.89407027287411224847e+01
  -1.87069996797468860450e+01
  -1.84029311130404877872e+01
  -1.81340011425888967267e+01
  -1.78726063530459455819e+01
  -1.76629839495684066719e+01
  -1.74516429253725391391e+01
  -1.71871019025610856090e+01
  -1.69422737091517596753e+01
  -1.68465516903525340808e+01
  -1.66505217214337761789e+01
  -1.64895784227691812873e+01
  -1.63388964430341019352e+01
  -1.62780111366216360125e+01
  -1.61457444205502582690e+01
  -1.60087823173566334845e+01
  -1.59558375875095457275e+01
  -1.58135981087073851370e+01
  -1.57125346593702364117e+01
  -1.56340876479511141639e+01
  -1.55456953868635423532e+01
  -1.54374824748206780356e+01
  -1.54083948041900402615e+01
  -1.53446818531151336629e+01
  -1.53144716615313747354e+01
  -1.53173633665875907894e+01
  -1.53157406153910464752e+01
  -1.52899493234760868177e+01
  -1.53196126022406851064e+01
  -1.52838547714846590964e+01
  -1.52774169523833709405e+01
  -1.52310341807639986200e+01
  -1.51749794490989025064e+01
  -1.51894029136263810642e+01
  -1.51873183933985504979e+01
  -1.52016156316395996129e+01
  -1.52467857982750985002e+01
  -1.53291280304779036214e+01
  -1.54080026427242486875e+01
  -1.54653850444193352587e+01
  -1.55701516608696373112e+01
  -1.56267990242719960747e+01
  -1.56943266012175026702e+01
  -1.57321067026524712418e+01
  -1.58121198913123901519e+01
  -1.58290208429038692373e+01
  -1.59076904456212311345e+01
  -1.59718502289621167023e+01
  -1.60615929916295918645e+01
  -1.62115539247711133441e+01
</dep>
<dep Rn frequency>
  +4.35892724731729352960e-01
  +3.28052428660940476046e-01
  +2.63320890357510495328e-01
  +2.22570661682940623693e-01
  +1.93891478017695073621e-01
  +1.73601894096486214503e-01
  +1.58510400280193974876e-01
  +1.47089135275063453978e-01
  +1.38319701922920756942e-01
  +1.31389428416753883955e-01
  +1.25861594000907767166e-01
  +1.21445354171866720661e-01
  +1.17851991215191076456e-01
  +1.14910000624626834620e-01
  +1.12510358374636521006e-01
  +1.10555529037663358150e-01
  +1.08948976603101502225e-01
  +1.07664009281119132933e-01
  +1.06602871301957793926e-01
  +1.05759606483399715149e-01
  +1.05101689191448730010e-01
  +1.04604445562007583592e-01
  +1.04245082907201622180e-01
  +1.04008924816399811464e-01
  +1.03880065546942651489e-01
  +1.03849733795970039507e-01
  +1.03904776187572267521e-01
  +1.04038015185092896919e-01
  +1.04243667014023030926e-01
  +1.04508473555742678607e-01
  +1.04831822410594549533e-01
  +1.05210635601349578039e-01
  +1.05634941776525909107e-01
  +1.06104462701529830837e-01
  +1.06615265886789226113e-01
  +1.07165939544998672917e-01
  +1.07751758083739754279e-01
  +1.08368160593455359342e-01
  +1.09017111879232797556e-01
  +1.09697034056640246868e-01
  +1.10400351443797339890e-01
  +1.11131021567463586508e-01
  +1.11885681191803379453e-01
  +1.12662666713816542186e-01
  +1.13458878362004189633e-01
  +1.14275443227469214458e-01
  +1.15111339686327279752e-01
  +1.15964348085601534621e-01
  +1.16836770797498198937e-01
  +1.17727279729183204049e-01
  +1.18625157178462156682e-01
  +1.19545945731769923115e-01
  +1.20476040834645067856e-01
  +1.21418892378730033932e-01
  +1.22379678114820311663e-01
  +1.23347881176562423899e-01
  +1.24324179823217917384e-01
  +1.25314492902146329412e-01
  +1.26315185737569668500e-01
  +1.27327297024339397558e-01
  +1.28343899025471497310e-01
  +1.29372375676794743038e-01
  +1.30409672535502035862e-01
  +1.31453406467717026640e-01
  +1.32507186258745607299e-01
  +1.33569730930935964830e-01
  +1.34636030890781160929e-01
  +1.35711959257838549187e-01
  +1.36794290197916251772e-01
  +1.37880729699727810900e-01
  +1.38968374207700723355e-01
  +1.40069103923037202586e-01
  +1.41171553103820179853e-01
  +1.42279842059317457315e-01
  +1.43386486213239433551e-01
  +1.44505123619544872948e-01
  +1.45622609339477876444e-01
  +1.46748242056311567483e-01
  +1.47876747147668213822e-01
  +1.49005300346251728927e-01
  +1.50138529329906206256e-01
  +1.51276095194966181401e-01
  +1.52417187807569631808e-01
  +1.53557218345204277155e-01
  +1.54699856070082547577e-01
  +1.55849356785890902355e-01
  +1.56995299656838754876e-01
  +1.58142777107030424455e-01
  +1.59293489725366194110e-01
  +1.60441197452161954384e-01
  +1.61593543732818201164e-01
  +1.62751415613231226187e-01
  +1.63902459850316817302e-01
  +1.65059109833677442047e-01
  +1.66216426623411683838e-01
  +1.67377987103974695815e-01
  +1.68538449469299245198e-01
  +1.69698925976228265355e-01
  +1.70860992424133467660e-01
  +1.72018169475294635529e-01
  +1.73172918880386272900e-01
  +1.74325151728347782498e-01
  +1.75493143486093877703e-01
  +1.76651742894186669641e-01
  +1.77813621977625097026e-01
  +1.78980983557176842602e-01
  +1.80134630059733708007e-01
  +1.81303946794705184153e-01
  +1.82467516054588607677e-01
  +1.83635379621317623711e-01
  +1.84801198210933242949e-01
  +1.85963352968398193399e-01
  +1.87130676926562683482e-01
  +1.88293216184572176353e-01
  +1.89463478731568463198e-01
  +1.90626189731727513355e-01
  +1.91783966011257855921e-01
  +1.92962057081367766020e-01
  +1.94134936943271330101e-01
  +1.95302475220161947389e-01
  +1.96485013819059500806e-01
  +1.97666960075280367937e-01
  +1.98849471410923406278e-01
  +2.00041322070319188553e-01
  +2.01222889451870473598e-01
  +2.02408144673708795258e-01
  +2.03595809363457280750e-01
  +2.04784815313102414036e-01
  +2.05975446281443347329e-01
  +2.07168149871616275037e-01
  +2.08368275692175169977e-01
  +2.09562404383857897594e-01
  +2.10778106655122365876e-01
  +2.11984100413971532362e-01
  +2.13203420366759516247e-01
  +2.14423463399894070891e-01
  +2.15655325850717394243e-01
  +2.16881737192301832229e-01
  +2.18121384975168614018e-01
  +2.19358152756883417744e-01
  +2.20586302219870522556e-01
</dep>
<dep Fmin frequency>
  +1.04662384556272525238e+00
  +1.03770696510456539308e+00
  +1.03169527911217873140e+00
  +1.02747593503292744543e+00
  +1.02428133328461790086e+00
  +1.02183113074754250427e+00
  +1.01988357767289761213e+00
  +1.01830722601493572910e+00
  +1.01701230160696498572e+00
  +1.01592519030940686697e+00
  +1.01500247329224579929e+00
  +1.01421304161241088160e+00
  +1.01352824807156105535e+00
  +1.01292924078932933263e+00
  +1.01240255694292358157e+00
  +1.01193656493969053045e+00
  +1.01152106147133125091e+00
  +1.01115028595464284678e+00
  +1.01081509520933487956e+00
  +1.01051282050895641085e+00
  +1.01023897169774312665e+00
  +1.00999021707076930277e+00
  +1.00976335750379431211e+00
  +1.00955612224387825115e+00
  +1.00936632080910637654e+00
  +1.00919226034238018741e+00
  +1.00903222330054997968e+00
  +1.00888491950882586146e+00
  +1.00874914512719793258e+00
  +1.00862367151196852255e+00
  +1.00850759208129114874e+00
  +1.00840035145641482295e+00
  +1.00830088213541135822e+00
  +1.00820863978669206240e+00
  +1.00812311340167082285e+00
  +1.00804373680261316615e+00
  +1.00796993749092922421e+00
  +1.00790134920973839527e+00
  +1.00783761802651072870e+00
  +1.00777843553610901850e+00
  +1.00772330548498856295e+00
  +1.00767199545949104333e+00
  +1.00762441398246749280e+00
  +1.00758006926791288116e+00
  +1.00753892916232934418e+00
  +1.00750055664455007154e+00
  +1.00746502742748633707e+00
  +1.00743194266629831901e+00
  +1.00740136121774037647e+00
  +1.00737312863614647540e+00
  +1.00734678055943382979e+00
  +1.00732258852081413281e+00
  +1.00730022171117306051e+00
  +1.00727959950545153944e+00
  +1.00726071367427394421e+00
  +1.00724326617554571506e+00
  +1.00722733753961590786e+00
  +1.00721278788382373470e+00
  +1.00719960500500160805e+00
  +1.00718767386968899302e+00
  +1.00717686968047126506e+00
  +1.00716733305952743649e+00
  +1.00715879566679444856e+00
  +1.00715132443366139903e+00
  +1.00714491872589140264e+00
  +1.00713923846744823898e+00
  +1.00713462824867572287e+00
  +1.00713079224482293661e+00
  +1.00712788337334990807e+00
  +1.00712551936067362668e+00
  +1.00712410697042709096e+00
  +1.00712329645547660206e+00
  +1.00712319798731764209e+00
  +1.00712378864906182407e+00
  +1.00712481481323812282e+00
  +1.00712677976323949913e+00
  +1.00712904240249145893e+00
  +1.00713202158750481097e+00
  +1.00713555493051343248e+00
  +1.00713959216676585129e+00
  +1.00714405454516220395e+00
  +1.00714910517026545733e+00
  +1.00715455800448472345e+00
  +1.00716055076652288847e+00
  +1.00716690156884780549e+00
  +1.00717384833293333024e+00
  +1.00718121676633720618e+00
  +1.00718860182874614395e+00
  +1.00719684939656528577e+00
  +1.00720523246571169729e+00
  +1.00721420328409339007e+00
  +1.00722343437187134008e+00
  +1.00723297651801213526e+00
  +1.00724297439534571375e+00
  +1.00725329162706755959e+00
  +1.00726395649474143035e+00
  +1.00727520993446884034e+00
  +1.00728658275634441743e+00
  +1.00729801328936474647e+00
  +1.00731000204322951319e+00
  +1.00732235290037519526e+00
  +1.00733492913265143542e+00
  +1.00734797559401756395e+00
  +1.00736132149124579804e+00
  +1.00737497789958996286e+00
  +1.00738896098253394307e+00
  +1.00740266230251784840e+00
  +1.00741752488537739119e+00
  +1.00743237480673020201e+00
  +1.00744722242219753028e+00
  +1.00746265166029336235e+00
  +1.00747801621069665856e+00
  +1.00749413706475499097e+00
  +1.00751045608697253897e+00
  +1.00752674783790840962e+00
  +1.00754335707271880374e+00
  +1.00756029364227561729e+00
  +1.00757773926274585286e+00
  +1.00759529293598215638e+00
  +1.00761291377080719478e+00
  +1.00763122261054660633e+00
  +1.00764943567807474523e+00
  +1.00766786964998944498e+00
  +1.00768702541969479292e+00
  +1.00770592428810368268e+00
  +1.00772520068218973677e+00
  +1.00774473915010664982e+00
  +1.00776457085368065236e+00
  +1.00778455274490275073e+00
  +1.00780503608798355231e+00
  +1.00782559935472360024e+00
  +1.00784581807834272560e+00
  +1.00786748385295132913e+00
  +1.00788817020520982126e+00
  +1.00790956153226884950e+00
  +1.00793120074787290186e+00
  +1.00795306861420153055e+00
  +1.00797531995401201677e+00
  +1.00799783586333591145e+00
  +1.00802033887165842785e+00
  +1.00804289332210728070e+00
</dep>
<dep Sopt frequency>
  -5.38174995421213830937e-01-j2.06518987700386097428e-01
  -5.40900364934283284235e-01-j1.72790637771569555170e-01
  -5.42968604209735583588e-01-j1.48623043947037070112e-01
  -5.42634411032529961894e-01-j1.31302461481003079902e-01
  -5.41167833145493548663e-01-j1.17899547067306195713e-01
  -5.37937098005932035072e-01-j1.07567801993056239018e-01
  -5.33499372459922627243e-01-j9.92987063765902733259e-02
  -5.27954900630848156240e-01-j9.25554987954041036291e-02
  -5.21464389387034765733e-01-j8.69717745454659102444e-02
  -5.14341123920676768222e-01-j8.22069750689828904200e-02
  -5.06700480476060199919e-01-j7.80810301369908588143e-02
  -4.98609877889133024098e-01-j7.44633489959227734545e-02
  -4.90245528562984422827e-01-j7.12272293837953041074e-02
  -4.81691985123182453421e-01-j6.82934339641635135276e-02
  -4.72985553178248807615e-01-j6.56139014543303117355e-02
  -4.64178130962122459380e-01-j6.31353389306896217725e-02
  -4.55353426529590821215e-01-j6.08311337450588920928e-02
  -4.46484531969442433041e-01-j5.86620334078376826081e-02
  -4.37700054551145800730e-01-j5.66186918900177318936e-02
  -4.28964165523987361883e-01-j5.46879504565085453049e-02
  -4.20299269433546063279e-01-j5.28511685923598525938e-02
  -4.11720501124555937622e-01-j5.10988179451275503773e-02
  -4.03245724960763718414e-01-j4.94274814746139615207e-02
  -3.94876817463505225270e-01-j4.78331306874332853885e-02
  -3.86625468456880672097e-01-j4.63004008419923215878e-02
  -3.78489502106976682949e-01-j4.48330762486297690339e-02
  -3.70478432081127073694e-01-j4.34272389704768516094e-02
  -3.62591889653524401815e-01-j4.20749101016572799039e-02
  -3.54827445854891398991e-01-j4.07802485439286918623e-02
  -3.47198338450135202127e-01-j3.95326392856654787455e-02
  -3.39695150132797385467e-01-j3.83381496768770910211e-02
  -3.32312860639176144151e-01-j3.71890189111986069204e-02
  -3.25060861330988548623e-01-j3.60851204921444901341e-02
  -3.17931521005041684003e-01-j3.50245064381823484334e-02
  -3.10923562348864312987e-01-j3.40077807156828060275e-02
  -3.04031472346742603907e-01-j3.30289800042045042505e-02
  -2.97257188646769032747e-01-j3.20872708224828120938e-02
  -2.90601319803192037483e-01-j3.11834969130008604621e-02
  -2.84054247642931745332e-01-j3.03147220437354064648e-02
  -2.77612964920631366539e-01-j2.94818162490178801993e-02
  -2.71285419196850452472e-01-j2.86812925327841680700e-02
  -2.65058580562223478072e-01-j2.79141967210167103730e-02
  -2.58933761845976995186e-01-j2.71720326688458663211e-02
  -2.52909365302009858656e-01-j2.64634791851720389821e-02
  -2.46985291455866617927e-01-j2.57824964824684733922e-02
  -2.41155384720797311138e-01-j2.51272425010236923060e-02
  -2.35419211227696933975e-01-j2.44967767109995765429e-02
  -2.29772273170674667941e-01-j2.38888162671807742499e-02
  -2.24209322852566034223e-01-j2.33043375990160152311e-02
  -2.18729778471366098636e-01-j2.27431548668201519159e-02
  -2.13346591387332862322e-01-j2.21998586618310303487e-02
  -2.08030990401064069806e-01-j2.16756584436501587021e-02
  -2.02803771739655774864e-01-j2.11719628976796275799e-02
  -1.97655602665236657112e-01-j2.06838775315587898584e-02
  -1.92574119590753045639e-01-j2.02140161884147746829e-02
  -1.87574649166064255645e-01-j1.97598981452990173080e-02
  -1.82656139641586584554e-01-j1.93197115531252294751e-02
  -1.77801907238893108776e-01-j1.88941932252997234210e-02
  -1.73021025972235814594e-01-j1.84882477167323047706e-02
  -1.68303303602298420794e-01-j1.80848692716588516083e-02
  -1.63661161973128799207e-01-j1.76950244123139296959e-02
  -1.59081512023675569756e-01-j1.73187019724437979429e-02
  -1.54565348516282591307e-01-j1.69452834276569534733e-02
  -1.50118910516278264433e-01-j1.65888511752401678068e-02
  -1.45729198154056799330e-01-j1.62405272153815123659e-02
  -1.41397571010486999832e-01-j1.58930148314121930109e-02
  -1.37134092094184728561e-01-j1.55563563897556465104e-02
  -1.32924205876422618644e-01-j1.52294571674684731805e-02
  -1.28776258306982499535e-01-j1.49103715094580802775e-02
  -1.24684625863687253977e-01-j1.45944743613701764795e-02
  -1.20659528728537565612e-01-j1.42903103922878641635e-02
  -1.16681118789963830795e-01-j1.39827833874300987843e-02
  -1.12761712372037692376e-01-j1.36847914628777742735e-02
  -1.08894843364707033517e-01-j1.33841298082709482531e-02
  -1.05091143603790168615e-01-j1.30972231485270255991e-02
  -1.01333256981793698448e-01-j1.28086557834073723472e-02
  -9.76322008179742323319e-02-j1.25198933864569938307e-02
  -9.39800964376449610160e-02-j1.22386546236176192021e-02
  -9.03793392600651807056e-02-j1.19604117312820997648e-02
  -8.68354026501881592903e-02-j1.16877693422611002999e-02
  -8.33377532391776365550e-02-j1.14066279020781369269e-02
  -7.98899999076602418402e-02-j1.11378530628801018093e-02
  -7.64886127401757098809e-02-j1.08706481841265630711e-02
  -7.31454112144096224579e-02-j1.06078381924099209715e-02
  -6.98484427485208114739e-02-j1.03370071336331866008e-02
  -6.65922717362880944858e-02-j1.00827898308965217128e-02
  -6.33961282294608907684e-02-j9.82840758654507200276e-03
  -6.02391272841060129717e-02-j9.57042224843452846161e-03
  -5.71365482790047243822e-02-j9.31049042362760981284e-03
  -5.40797755396897478208e-02-j9.06696372319810116325e-03
  -5.10695075786483446145e-02-j8.82437597241404574067e-03
  -4.80977186242907486791e-02-j8.56951770754857573842e-03
  -4.51801494018478425052e-02-j8.32632064985207136221e-03
  -4.22951363239856339971e-02-j8.08845743788898924320e-03
  -3.94579113203894424333e-02-j7.84994817810215177178e-03
  -3.66596982035971089009e-02-j7.61517374797738080816e-03
  -3.39096310110062124088e-02-j7.38662350412885339301e-03
  -3.11973239930558102206e-02-j7.16075176662982811754e-03
  -2.85302121615420185841e-02-j6.93743078960276128575e-03
  -2.59087089119510866064e-02-j6.72891891354254322727e-03
  -2.33390780839800894564e-02-j6.51218304866290394889e-03
  -2.08094924200336525710e-02-j6.31824590551827592472e-03
  -1.83003066636852271265e-02-j6.10939429925251836079e-03
  -1.58420511295300978083e-02-j5.91401656013830229891e-03
  -1.34267204854746618342e-02-j5.70940414322467556379e-03
  -1.10346113690338760993e-02-j5.51634921282022003264e-03
  -8.68924346234013419976e-03-j5.33700936883143000483e-03
  -6.37560656887955264777e-03-j5.15097454578576380985e-03
  -4.09783390750796325253e-03-j4.98969091896844189199e-03
  -1.84982347968165963294e-03-j4.81636621142000377616e-03
  +3.56264146241921204287e-04-j4.65833180539980927504e-03
  +2.53155249223295693295e-03-j4.51572265736063793717e-03
  +4.66413760314593039275e-03-j4.37864193530401648452e-03
  +6.75733334454546932801e-03-j4.25029892691372417068e-03
  +8.82827204061283413172e-03-j4.11268987904082200524e-03
  +1.08652511788051298058e-02-j3.99480170600725534302e-03
  +1.28580800765378151784e-02-j3.89019250003461072168e-03
  +1.48384081968531717638e-02-j3.76512367999593889137e-03
  +1.67791329152170015648e-02-j3.65459173416989501967e-03
  +1.87006165345416364154e-02-j3.56002525775365270475e-03
  +2.06075932506179261561e-02-j3.47265850624276688555e-03
  +2.24691885926815854146e-02-j3.37643468517816658023e-03
  +2.43257505006018934224e-02-j3.30647875961050628779e-03
  +2.61640951335112489917e-02-j3.24585119851522911280e-03
  +2.79526038510733189357e-02-j3.19835562017257296619e-03
  +2.97166340359920067016e-02-j3.16149697488127268130e-03
  +3.14558620839927513546e-02-j3.12831113137410988037e-03
  +3.31578998771480462637e-02-j3.10015668120644386288e-03
  +3.48454824370253365973e-02-j3.06831794779843401375e-03
  +3.64922350153084260049e-02-j3.05572424156072639662e-03
  +3.81579590151133393738e-02-j3.01915452410598042499e-03
  +3.97837581921070063129e-02-j3.00235771938885077567e-03
  +4.13968873837171139063e-02-j2.99318361486078463735e-03
  +4.29918890408686957261e-02-j2.98474218569327529038e-03
  +4.45960915976967089969e-02-j2.98946749284117628195e-03
  +4.61548167800695588459e-02-j2.98038800679620253728e-03
  +4.77249299885102382102e-02-j2.99658281818870539381e-03
  +4.92474725599099591444e-02-j3.03106300703750693518e-03
  +5.07465918367610291373e-02-j3.08801084725209831414e-03
  +5.22578746111095338023e-02-j3.11481611134343042147e-03
  +5.37159482560902595827e-02-j3.16903899488002200463e-03
</dep>
<dep F frequency>
  +1.09189813617888997754e+00
  +1.07287275047509966797e+00
  +1.06059899149561420728e+00
  +1.05198701500214308879e+00
  +1.04548329142152041094e+00
  +1.04040110786334283333e+00
  +1.03629919239950352150e+00
  +1.03291756156731118210e+00
  +1.03008595531802216172e+00
  +1.02767894777850465893e+00
  +1.02561234344132712337e+00
  +1.02382353975532836010e+00
  +1.02226211709106773462e+00
  +1.02089044558410457775e+00
  +1.01967920255998634183e+00
  +1.01860420141636587310e+00
  +1.01764567994865262612e+00
  +1.01678790941540797554e+00
  +1.01601627400968475001e+00
  +1.01532079279744880118e+00
  +1.01469171617779330141e+00
  +1.01412118560522923616e+00
  +1.01360220873843287492e+00
  +1.01312899380087806378e+00
  +1.01269650450258619223e+00
  +1.01230042015461774163e+00
  +1.01193688145454285809e+00
  +1.01160263280557760623e+00
  +1.01129474191272716865e+00
  +1.01101059618508837268e+00
  +1.01074790215512044789e+00
  +1.01050489497216977597e+00
  +1.01027957016234282150e+00
  +1.01007042712533823270e+00
  +1.00987614633144162646e+00
  +1.00969540621014552961e+00
  +1.00952702462802501593e+00
  +1.00937007240709730738e+00
  +1.00922363168015838397e+00
  +1.00908693106966818043e+00
  +1.00895912080534277955e+00
  +1.00883952457723768958e+00
  +1.00872773183520569873e+00
  +1.00862295760338027684e+00
  +1.00852489489664787214e+00
  +1.00843283321666654651e+00
  +1.00834663773142985121e+00
  +1.00826566809249218437e+00
  +1.00818979058366098300e+00
  +1.00811868876712940057e+00
  +1.00805180255794857302e+00
  +1.00798913253338873197e+00
  +1.00793032774132496066e+00
  +1.00787514419641466290e+00
  +1.00782341333289493512e+00
  +1.00777481013603287252e+00
  +1.00772932589044050822e+00
  +1.00768665723622152797e+00
  +1.00764677030326721408e+00
  +1.00760941633692269193e+00
  +1.00757446841699849216e+00
  +1.00754195739069385418e+00
  +1.00751155480181053825e+00
  +1.00748331218181008673e+00
  +1.00745712027140754685e+00
  +1.00743259873005985838e+00
  +1.00741009388316959949e+00
  +1.00738921574237028089e+00
  +1.00737011258978448325e+00
  +1.00735233834492921012e+00
  +1.00733630916001581923e+00
  +1.00732157797068455629e+00
  +1.00730826389707428525e+00
  +1.00729629446840074358e+00
  +1.00728542512173091517e+00
  +1.00727608521974021372e+00
  +1.00726763427470600298e+00
  +1.00726045656625218250e+00
  +1.00725437022294728173e+00
  +1.00724931915775628433e+00
  +1.00724517536834246023e+00
  +1.00724210072313669073e+00
  +1.00723987930469771612e+00
  +1.00723865842812321247e+00
  +1.00723821008019887024e+00
  +1.00723875556611264237e+00
  +1.00724013600315687178e+00
  +1.00724189147745635253e+00
  +1.00724488436759473942e+00
  +1.00724836114069171700e+00
  +1.00725276069424496406e+00
  +1.00725772818707715039e+00
  +1.00726332940743690259e+00
  +1.00726966850987187385e+00
  +1.00727661695883563553e+00
  +1.00728418325412016898e+00
  +1.00729260827997824101e+00
  +1.00730140137065582451e+00
  +1.00731049891450119560e+00
  +1.00732039369127313044e+00
  +1.00733087979149793512e+00
  +1.00734180801019590490e+00
  +1.00735339788256861304e+00
  +1.00736549351636894833e+00
  +1.00737808893272129396e+00
  +1.00739118898241697408e+00
  +1.00740418717118185299e+00
  +1.00741851181659969328e+00
  +1.00743298836449834965e+00
  +1.00744761492246004408e+00
  +1.00746297411565155500e+00
  +1.00747841290456552343e+00
  +1.00749474406867101095e+00
  +1.00751140316994813872e+00
  +1.00752816045042803417e+00
  +1.00754535704200520740e+00
  +1.00756299255493342315e+00
  +1.00758125191746095162e+00
  +1.00759972292591104548e+00
  +1.00761836973748097890e+00
  +1.00763781301503363430e+00
  +1.00765724460476202573e+00
  +1.00767700692832229414e+00
  +1.00769758912209361768e+00
  +1.00771798326450601202e+00
  +1.00773883914975903586e+00
  +1.00776003702079575142e+00
  +1.00778159261156630144e+00
  +1.00780338047485606978e+00
  +1.00782572380491375341e+00
  +1.00784825996919247260e+00
  +1.00787050072321471283e+00
  +1.00789426808992033102e+00
  +1.00791712291071289265e+00
  +1.00794078812325227368e+00
  +1.00796472877923282141e+00
  +1.00798900641260891220e+00
  +1.00801368744689989754e+00
  +1.00803868731076295973e+00
  +1.00806377381620793088e+00
  +1.00808891187401394873e+00
</dep>
<dep S[2,2] frequency>
  +6.93607287911455760998e-01+j6.99416678801036278967e-02
  +7.33956374222213270286e-01+j1.50922452563199277487e-02
  +7.65630039709698895223e-01-j5.87150049940789175995e-02
  +7.83009568157236768293e-01-j1.52264660831239129202e-01
  +7.80103932133865418663e-01-j2.52660995540242461210e-01
  +7.52982464644474380755e-01-j3.58257086628588239385e-01
  +7.01059730464435482133e-01-j4.56846240623827837268e-01
  +6.23801773773619561148e-01-j5.46769305212409739703e-01
  +5.30019253145859181586e-01-j6.12720342932584483009e-01
  +4.19937739957293554305e-01-j6.56952004791531041228e-01
  +3.04416596122775329203e-01-j6.74074770355095775898e-01
  +1.97655992626127846590e-01-j6.62584311669855208216e-01
  +9.88522309711311469860e-02-j6.27497884004421302429e-01
  +1.35142451522322262075e-02-j5.72195770651992341449e-01
  -4.81918838875651303622e-02-j5.05444367662118754225e-01
  -9.11880347753240144693e-02-j4.38563581473328412130e-01
  -1.11633601585105726728e-01-j3.66317754656210303743e-01
  -1.21153680379712261339e-01-j3.16159484950023939032e-01
  -1.27554877451979631342e-01-j2.56544561783775271202e-01
  -1.16505791924061602449e-01-j2.05775499232285385975e-01
  -1.03074017074359466917e-01-j1.64573250377312324533e-01
  -8.64255607827355137873e-02-j1.34559567954015191216e-01
  -6.67514123698752792624e-02-j1.05619843367758467489e-01
  -4.28138232687970687884e-02-j8.24158264532347528686e-02
  -2.57103617456333130575e-02-j6.59042330386192531932e-02
  -5.67621661560189366691e-03-j5.41042376509138570051e-02
  +1.35079316802168749451e-02-j4.54257783925265529179e-02
  +2.97208872570088322718e-02-j4.00860176527998435247e-02
  +4.71070855842010971504e-02-j3.72674637845762241062e-02
  +5.84618043176502316660e-02-j3.69270213049548573503e-02
  +7.17303056234270541847e-02-j3.87306324536019347393e-02
  +8.24192198968101141787e-02-j3.88533120715260776867e-02
  +9.16703594797472487432e-02-j4.43994164935305885011e-02
  +1.00083136487885748789e-01-j4.79083606766920952480e-02
  +1.05555756667174885366e-01-j5.44280177254369418316e-02
  +1.11533041874224012058e-01-j5.87513792237771559357e-02
  +1.15152816882293590472e-01-j6.25858045745332908227e-02
  +1.18075424183931451672e-01-j6.75592455104511990793e-02
  +1.20122522313917914905e-01-j7.25231831297926676783e-02
  +1.22736532183707627852e-01-j7.73910391411950504548e-02
  +1.22709268675150751093e-01-j8.25735117584206895769e-02
  +1.23033454089622101835e-01-j8.88675794492612969311e-02
  +1.21963294830847723826e-01-j9.33007912939982780864e-02
  +1.22241143111847291869e-01-j9.61856592982296976224e-02
  +1.17197434176399647998e-01-j1.01678634619824292962e-01
  +1.15003733867159688153e-01-j1.06152044136036211031e-01
  +1.11770378792949917623e-01-j1.08820504896087300040e-01
  +1.09635795773638550221e-01-j1.11885344771535957809e-01
  +1.06617042179307425220e-01-j1.15005307206912821272e-01
  +1.02214141142765835291e-01-j1.19000263524201177479e-01
  +9.74161823114284702863e-02-j1.20872871558016417581e-01
  +9.44443592832268641324e-02-j1.23939734478646354510e-01
  +8.82282925127642198015e-02-j1.25402039700041323389e-01
  +8.48786110441397401161e-02-j1.25933545847775829607e-01
  +8.01130895516907887144e-02-j1.27748806272133141881e-01
  +7.58709793433231249882e-02-j1.28453837776642987301e-01
  +7.08191473403988330793e-02-j1.28570419759439169560e-01
  +6.52316069929226582946e-02-j1.28565150179230230920e-01
  +5.96676493320950004917e-02-j1.26588931036328150581e-01
  +5.47542436866609513735e-02-j1.28204542714277697213e-01
  +5.08439325005184683537e-02-j1.26818618141933459054e-01
  +4.52362761157568751824e-02-j1.24566767588134508227e-01
  +4.16355291189794626816e-02-j1.24784843816658899684e-01
  +3.76704031784106316283e-02-j1.20481403363334044210e-01
  +3.22622296250146822771e-02-j1.18791958648806678100e-01
  +2.82031039441586924010e-02-j1.18078441153031454824e-01
  +2.44025387871045704169e-02-j1.15277765916598190499e-01
  +2.01704404984296981063e-02-j1.12631504436841542449e-01
  +1.56916343008406226900e-02-j1.09718560228306186155e-01
  +1.16537288525750317575e-02-j1.07177478894731961767e-01
  +7.96806811085163171904e-03-j1.02287131581133783342e-01
  +5.88886211672044225518e-03-j9.99256998568350679468e-02
  +2.40604702126259164738e-03-j9.65358141598230273805e-02
  -7.69800039209796171935e-04-j9.35488343851365311554e-02
  -3.78937346676412383992e-03-j8.94714422576813328547e-02
  -6.26885304709289513381e-03-j8.51761651507776801351e-02
  -8.90794641867318978679e-03-j8.19836234428205773428e-02
  -1.12359352111986512956e-02-j7.85242603418727647124e-02
  -1.31466524318251676284e-02-j7.42219365062884023354e-02
  -1.46676671106358846863e-02-j6.98729228307505001450e-02
  -1.71324342174123990523e-02-j6.71291336865330046102e-02
  -1.77143286280765990814e-02-j6.30896868885156975049e-02
  -2.03645323297805408425e-02-j5.92459162453355531186e-02
  -2.08413801923392205673e-02-j5.48857889556176731238e-02
  -2.25776299552666454007e-02-j5.15886308976815921579e-02
  -2.32641622313409929257e-02-j4.78129626991036296713e-02
  -2.42114199629120570301e-02-j4.32442487565151620355e-02
  -2.40151281291316083533e-02-j4.01536885115189728923e-02
  -2.52457400002658940985e-02-j3.67176524953100880122e-02
  -2.52241120498471194100e-02-j3.32946501243087944477e-02
  -2.48791182144992469027e-02-j3.00487916967261750600e-02
  -2.54910767942771905592e-02-j2.67837071777482817192e-02
  -2.52105169529477923795e-02-j2.33471316098306652664e-02
  -2.58892927904235230219e-02-j2.01013240139957978514e-02
  -2.58193893064570939577e-02-j1.64640888691898260032e-02
  -2.56446302206133208701e-02-j1.38340155285633058246e-02
  -2.53519348793132606734e-02-j1.08094628368012105057e-02
  -2.49438510145260639028e-02-j7.06706450789109513755e-03
  -2.47534775043652052751e-02-j5.32796927825609882567e-03
  -2.36961110593222890053e-02-j1.48874895439458747315e-03
  -2.35908953232165652381e-02+j2.92359975093190935236e-04
  -2.20931177620971030962e-02+j2.34507125301828839997e-03
  -2.20877400768936596465e-02+j4.85358797965112012673e-03
  -2.19469716846316977021e-02+j7.01115165802750940627e-03
  -2.16423861679172838124e-02+j9.51774247663015639243e-03
  -2.14292408287918255405e-02+j1.14818650885567495601e-02
  -2.13164549937376601729e-02+j1.41511392556934005593e-02
  -2.05878809795635060731e-02+j1.63152550206634508467e-02
  -1.98515386430699464215e-02+j1.81684994064899817123e-02
  -1.92619664783408237052e-02+j2.01175298811562403012e-02
  -1.81986924897946933388e-02+j2.24723397157216286946e-02
  -1.72926497653911812047e-02+j2.39406511784635532558e-02
  -1.77142071927337690918e-02+j2.54147351043829787531e-02
  -1.74457676822417917517e-02+j2.62467444219919507353e-02
  -1.71531205163920202894e-02+j2.80903524982701394141e-02
  -1.74775106236473749821e-02+j2.95316093753116432064e-02
  -1.80082537405992053337e-02+j3.17953951793271127890e-02
  -1.74123084429643228133e-02+j3.31978285692833552378e-02
  -1.81088609047736250057e-02+j3.63672398164762780692e-02
  -1.78917220236230085917e-02+j3.73772729618896681902e-02
  -1.76893636673526692682e-02+j3.88410679100664874008e-02
  -1.72496483365003408506e-02+j4.16153347908636284114e-02
  -1.73153558588148119568e-02+j4.26164183158167092502e-02
  -1.71783802278501797345e-02+j4.50294771113091546466e-02
  -1.65847388018278314725e-02+j4.66425835545858646913e-02
  -1.71598561693921715376e-02+j4.78022280735593621537e-02
  -1.76717499941445449485e-02+j4.93518571054499394224e-02
  -1.86418086579888155063e-02+j5.04338472915694668863e-02
  -1.85893285246333285488e-02+j5.23463963913421564955e-02
  -1.98852193794761961110e-02+j5.50579309766357632983e-02
  -1.98068959573642205951e-02+j5.86334151692136096301e-02
  -1.96078315690203855426e-02+j6.08311123737969097758e-02
  -2.11449930152968444685e-02+j6.26836395247087202476e-02
  -2.09831752125341219894e-02+j6.50002964232944818734e-02
  -2.02004591744714620538e-02+j6.85564891793181141466e-02
  -2.01234622553388003974e-02+j7.05870371373850807872e-02
  -1.99546766875417502796e-02+j7.31787878343892195243e-02
  -2.05986844916372924263e-02+j7.55659244124357865058e-02
  -2.12923907880953403038e-02+j7.81146081930435554064e-02
  -2.09660983926717725545e-02+j8.03814094921979083175e-02
  -2.21792411138033995766e-02+j8.36063123176893907562e-02
</dep>
<dep S[2,1] frequency>
  +3.94482800375577535856e-01+j1.21703058691134491376e+00
  +9.44227260536471768582e-01+j1.43398765991778787132e+00
  +1.64678171092122660468e+00+j1.50963915858785502344e+00
  +2.44350852372706750515e+00+j1.38390097724579996807e+00
  +3.32552264075293724233e+00+j1.00911619560875487345e+00
  +4.18847668170634435114e+00+j3.44812515417296239217e-01
  +4.95770622914284775362e+00-j6.23945264429149437646e-01
  +5.53200319155581521358e+00-j1.87612218586396295450e+00
  +5.76071903803904294961e+00-j3.38860343717281686793e+00
  +5.61909445464601553510e+00-j5.02228011438605381755e+00
  +5.04655249117439286266e+00-j6.67918399264385609371e+00
  +3.99988934119585914928e+00-j8.19510392920278540885e+00
  +2.59536892696679277748e+00-j9.44133494621135760383e+00
  +9.11496858970088807972e-01-j1.03419937914144810520e+01
  -9.03806220119827918857e-01-j1.08256313996476247752e+01
  -2.74701784455231523552e+00-j1.08896081883406878887e+01
  -4.51866409576062633136e+00-j1.05633783580479505559e+01
  -6.00355957313143662191e+00-j9.94950233443963938385e+00
  -7.41851199632316493648e+00-j9.19070943243152171931e+00
  -8.60612923346641700562e+00-j8.23049195677081790734e+00
  -9.59162343946120365956e+00-j7.15600716246789492203e+00
  -1.03516365739269353696e+01-j6.00265562019269438565e+00
  -1.09276113382629915805e+01-j4.84848019503139227027e+00
  -1.13535185673186287403e+01-j3.67487915413306875934e+00
  -1.16117778522571732935e+01-j2.53712538218444105809e+00
  -1.17356240044005666334e+01-j1.41970584871846661201e+00
  -1.17477105374551111794e+01-j3.45908992393166858648e-01
  -1.16453038461299875905e+01+j6.67613324275989183931e-01
  -1.14570188713915204204e+01+j1.62823163760166811365e+00
  -1.11985138206907812730e+01+j2.52154925677953389851e+00
  -1.08987376008136767069e+01+j3.36742186066334348027e+00
  -1.05184964863586003503e+01+j4.13311349518682025206e+00
  -1.01107174945181625958e+01+j4.84612309535395002769e+00
  -9.66708920515290337505e+00+j5.51316281592913259857e+00
  -9.18376675792566210532e+00+j6.10593948420839716107e+00
  -8.67778252577059738826e+00+j6.64983465806071283311e+00
  -8.16645953505450705734e+00+j7.14143918604478145085e+00
  -7.63739747600974627773e+00+j7.58116392632921165529e+00
  -7.09656447777228738261e+00+j7.97189583501564769108e+00
  -6.53647589300253528677e+00+j8.31478129987161906911e+00
  -5.97650372212707825526e+00+j8.61975852371417694542e+00
  -5.41524983203615750682e+00+j8.89431353209845099173e+00
  -4.85340769909782920877e+00+j9.10137129234818331724e+00
  -4.29941116110145671314e+00+j9.28658777541908087017e+00
  -3.74892601356050469974e+00+j9.41752520948041293991e+00
  -3.20974563614816155166e+00+j9.53925885036536591599e+00
  -2.66964213760618163107e+00+j9.60998652640864747809e+00
  -2.14519323214490675866e+00+j9.66742478477559785688e+00
  -1.62848601875165543973e+00+j9.68299490947436147792e+00
  -1.12325475908971217365e+00+j9.65917141757397601509e+00
  -6.31241688654107235834e-01+j9.63290369938455803833e+00
  -1.48934607299939653080e-01+j9.56860373151721255169e+00
  +3.23446402358872675542e-01+j9.48318434425029366253e+00
  +7.72427087268264256359e-01+j9.37640495677467988855e+00
  +1.21415263215341417968e+00+j9.24735319999529004065e+00
  +1.63371868607623849101e+00+j9.11143193823248687124e+00
  +2.04525049964857696949e+00+j8.94905090642554235103e+00
  +2.43648004348230440286e+00+j8.77917353035518033266e+00
  +2.81657192157879165961e+00+j8.58577628363687139768e+00
  +3.18091169480555135962e+00+j8.38367625050465115066e+00
  +3.52537067435558304496e+00+j8.17129263565862551388e+00
  +3.85191834239827057829e+00+j7.93807105170796756255e+00
  +4.16322417496169627782e+00+j7.70135239594113585326e+00
  +4.45485442242334972462e+00+j7.44913144116938230610e+00
  +4.73814013926767252372e+00+j7.18167487271825510931e+00
  +5.00572428482641651470e+00+j6.92655202894062860253e+00
  +5.24970184613148305175e+00+j6.64777789100709082248e+00
  +5.48114294562342863060e+00+j6.37186219429202616027e+00
  +5.69838175993087681093e+00+j6.07738941704541790756e+00
  +5.90442839485047432646e+00+j5.79831448288540407532e+00
  +6.08532423320016402357e+00+j5.49980212662333922680e+00
  +6.25691692698553136864e+00+j5.20309877958745836679e+00
  +6.41264221782817411821e+00+j4.90584826634234971721e+00
  +6.55137364292013746336e+00+j4.60768745777878319103e+00
  +6.68625075568640170331e+00+j4.31175312664154386511e+00
  +6.79125206464899733305e+00+j4.00345278802735027313e+00
  +6.89743819744226893675e+00+j3.70426514969176778891e+00
  +6.98219825392156057120e+00+j3.40159584341174392463e+00
  +7.05341964762553974566e+00+j3.09876391353079272406e+00
  +7.11009663786517887019e+00+j2.80187040494654304723e+00
  +7.16197997836828115226e+00+j2.50826641743138933904e+00
  +7.19328419964702803213e+00+j2.21501969501355500114e+00
  +7.22371705085238335897e+00+j1.91927041650386143168e+00
  +7.23229778359679809085e+00+j1.62987314948019657024e+00
  +7.23728192097279432460e+00+j1.34557204374318772899e+00
  +7.22277707133786961435e+00+j1.06582274201208848652e+00
  +7.19899513006183777719e+00+j7.87063673910594063798e-01
  +7.17943245308499822244e+00+j5.16727640705658353149e-01
  +7.13450506341882029204e+00+j2.52471307831268365618e-01
  +7.08829389400248821573e+00-j1.26125158236077977714e-02
  +7.02483141026327917444e+00-j2.69237605594223772254e-01
  +6.96002744510842230596e+00-j5.22942313475687869939e-01
  +6.88729140893815472424e+00-j7.65587409804355245591e-01
  +6.80573378761489955480e+00-j1.00722482606799501603e+00
  +6.71601549188372626276e+00-j1.24446330853940390071e+00
  +6.61957540343026717977e+00-j1.47133310823549834367e+00
  +6.50784678519745174441e+00-j1.69365557466043603618e+00
  +6.39779629599915455884e+00-j1.90728767983819214038e+00
  +6.28885491565955589977e+00-j2.11756207246961825064e+00
  +6.16579629084652935944e+00-j2.32055606498134459059e+00
  +6.03781473125448631123e+00-j2.51532122634405652661e+00
  +5.90349510774709607119e+00-j2.70526727239629227739e+00
  +5.76479857868454015346e+00-j2.88649114938344109049e+00
  +5.62118647222865686075e+00-j3.06110103855171855614e+00
  +5.47267304816729538430e+00-j3.22968568492006014026e+00
  +5.32294940107047054312e+00-j3.38614235156518583736e+00
  +5.17579491404388125630e+00-j3.55246924791904516994e+00
  +5.00807731301838465754e+00-j3.69748197578263226859e+00
  +4.84586449453540968335e+00-j3.83568953620233354940e+00
  +4.68466154953543867379e+00-j3.97317031476335946749e+00
  +4.51643659314037915209e+00-j4.09766880380944265028e+00
  +4.35010050328966801914e+00-j4.22122138048817063805e+00
  +4.17681727985321771257e+00-j4.33264911655563711435e+00
  +4.00105082196814354489e+00-j4.43788662742569872677e+00
  +3.82989439852068036529e+00-j4.53938539037164900947e+00
  +3.65450186514341757160e+00-j4.63653393105124589368e+00
  +3.47889182045088185546e+00-j4.72589320886661568011e+00
  +3.29978395051842188224e+00-j4.80170954497667690219e+00
  +3.11621086873685682050e+00-j4.88120763759083420297e+00
  +2.93970581178462175842e+00-j4.94933137678241319435e+00
  +2.75552447967954527996e+00-j5.00722932859411606898e+00
  +2.57663280211282463839e+00-j5.06297940123756085029e+00
  +2.39743147710463100353e+00-j5.11279265826600504141e+00
  +2.20991305725823794504e+00-j5.15259755309419897884e+00
  +2.02981201357501372939e+00-j5.19030051989135454704e+00
  +1.85342786646672252893e+00-j5.22075178126043937255e+00
  +1.67276610039291062648e+00-j5.24689100912762818041e+00
  +1.49815989476199584729e+00-j5.26560807532768393457e+00
  +1.32075532540060214259e+00-j5.27943211566081060937e+00
  +1.14837992655900289485e+00-j5.28652079666672847225e+00
  +9.68114533760756290626e-01-j5.28950601995116187481e+00
  +7.95775849602141316375e-01-j5.29217675996453618126e+00
  +6.20888172531121496078e-01-j5.27760917914736715773e+00
  +4.55633241480142225921e-01-j5.26890068161315561213e+00
  +2.83187785059493657425e-01-j5.24917816243656965014e+00
  +1.15312155290947709885e-01-j5.22451862424132595919e+00
  -4.86537852420410379950e-02-j5.19447246725330735728e+00
  -2.12809165508877545792e-01-j5.15954614530152699814e+00
  -3.71005836013347078950e-01-j5.11987457284718949779e+00
  -5.23910923200818667844e-01-j5.07599364158304755534e+00
  -6.80246348028371583538e-01-j5.03278853685874238977e+00
</dep>
<dep S[1,2] frequency>
  +1.30239222470693999378e-03-j1.78926068300298184502e-03
  +1.11900507407472894587e-03-j2.97918165926515030040e-03
  +6.85663468169698956181e-04-j4.25121380501511467870e-03
  -3.44103069060370657817e-04-j5.65096203077447133828e-03
  -1.70510012368270012437e-03-j7.03203720046006921368e-03
  -3.80016819238563263381e-03-j8.29119005424734482890e-03
  -6.34055291502129587944e-03-j9.20036984132253585211e-03
  -9.66103617454940576115e-03-j9.54910483746392729776e-03
  -1.31324132089626049308e-02-j9.13231713743983819498e-03
  -1.69884177457503629527e-02-j7.74566074408564782944e-03
  -2.07464749432994532974e-02-j5.32423809098174667664e-03
  -2.38375139734086360921e-02-j2.10907812772150038416e-03
  -2.62808634985183392496e-02+j1.96655697189773801675e-03
  -2.80843594599861912098e-02+j6.92584817175725953042e-03
  -2.85655748787506311159e-02+j1.19682354587356525738e-02
  -2.84988193898400923865e-02+j1.67724022412470280541e-02
  -2.70504432574321281024e-02+j2.19203726596417167172e-02
  -2.53020864826525686275e-02+j2.53081877423213738587e-02
  -2.34251508357497528756e-02+j2.95335832409528327436e-02
  -2.03719982744928231055e-02+j3.29183408772744795501e-02
  -1.73819709007516677579e-02+j3.56612932909743662879e-02
  -1.44991568496370317604e-02+j3.77157555351253642728e-02
  -1.12501287456710022394e-02+j4.01947760354271141359e-02
  -7.54126474124804449528e-03+j4.17636677319540988718e-02
  -4.52285989654775764240e-03+j4.30669138305923779320e-02
  -1.19809684708658864723e-03+j4.40555379449960107796e-02
  +1.99615575500747353260e-03+j4.45868319965176743147e-02
  +4.83331302864097294564e-03+j4.50692374151371727420e-02
  +8.22495514905400432193e-03+j4.54913443601502806568e-02
  +1.09608084729585879280e-02+j4.52389854378561911963e-02
  +1.39571750982242087646e-02+j4.51727153111109169803e-02
  +1.64581827425439412849e-02+j4.50185656903523551131e-02
  +1.94785569469758008954e-02+j4.41665999015713947595e-02
  +2.19527493238084216165e-02+j4.37123868512049665314e-02
  +2.45295881314931407680e-02+j4.28511346957902300447e-02
  +2.70320876315018436553e-02+j4.21664269766764410186e-02
  +2.95147622597520253862e-02+j4.15632819442967871293e-02
  +3.15213042110195559853e-02+j4.04351221316534420458e-02
  +3.36892197582733601835e-02+j3.93411803197800877263e-02
  +3.60525186755314835940e-02+j3.81936480788631765870e-02
  +3.77727390180276345610e-02+j3.69968745108254504217e-02
  +3.99241470603022563512e-02+j3.58406288934679725933e-02
  +4.18058065185549568299e-02+j3.43876858432323670445e-02
  +4.35523256011342910221e-02+j3.35188848145627493746e-02
  +4.53615070966039285461e-02+j3.14408456727966675870e-02
  +4.72296458907335292565e-02+j2.98768752609105125995e-02
  +4.88311557445877675310e-02+j2.86321459469980818535e-02
  +5.04399201151371767704e-02+j2.69337286127287640902e-02
  +5.20679978534071621898e-02+j2.52903469887005641348e-02
  +5.37214841008897617258e-02+j2.37310483831207202909e-02
  +5.46495358979902853824e-02+j2.18131454958591826376e-02
  +5.62745013877331626273e-02+j2.01067949235572626665e-02
  +5.74388876439333451174e-02+j1.80735505513074413975e-02
  +5.83932806321574918162e-02+j1.64802876360918976184e-02
  +5.99234512075037320522e-02+j1.43642320622041613082e-02
  +6.09301548555416586095e-02+j1.26231768685604942015e-02
  +6.16732101041801289432e-02+j1.05270399451707057786e-02
  +6.26143898772684309728e-02+j8.42028129229917092491e-03
  +6.36390886757511320404e-02+j6.49550473416052754488e-03
  +6.45841809673184802376e-02+j4.41693769146002564174e-03
  +6.50197667692987840704e-02+j2.46713070732257908416e-03
  +6.55586369264619384101e-02+j4.02748154571620287697e-05
  +6.61542870435949531549e-02-j1.89976907722260693508e-03
  +6.66356152454278677366e-02-j4.03005443913332251499e-03
  +6.69631977559345115125e-02-j6.20609404979370529037e-03
  +6.76686408712011550071e-02-j8.47070447632685546990e-03
  +6.77591846365472455505e-02-j1.08021957273083928780e-02
  +6.81058152360740076681e-02-j1.30688465337805165972e-02
  +6.84415863308488053862e-02-j1.51437485606351462247e-02
  +6.85467238419632529656e-02-j1.75609329788769912006e-02
  +6.79936596534665982361e-02-j1.96810589458611129299e-02
  +6.84164849789085927068e-02-j2.19844665267658855023e-02
  +6.82882692201396690468e-02-j2.42264355086405994144e-02
  +6.80105722179832755669e-02-j2.66539518720144523456e-02
  +6.75126271202197703047e-02-j2.88011734974158405131e-02
  +6.72881021881092389325e-02-j3.09926041786452687032e-02
  +6.67284940354275768470e-02-j3.33452552448209593727e-02
  +6.64139552791778303709e-02-j3.56489544267502567187e-02
  +6.58617477845974269579e-02-j3.78917305819414240720e-02
  +6.50616238120367701425e-02-j4.00921476542565463630e-02
  +6.43086906485087206331e-02-j4.24017409014846510806e-02
  +6.35893047474091477334e-02-j4.45503451892386298505e-02
  +6.28314702932467467056e-02-j4.68174963058918397474e-02
  +6.17844907756600614235e-02-j4.90575735841594501307e-02
  +6.06823333738461326292e-02-j5.13853803709215656292e-02
  +5.98160752246113466835e-02-j5.33424725257157714142e-02
  +5.85438764308012157822e-02-j5.55379156361901840655e-02
  +5.75607165389159028401e-02-j5.74469662457868651684e-02
  +5.60437831335855868309e-02-j5.98128516232094564753e-02
  +5.47428823980149262263e-02-j6.14894730527047184143e-02
  +5.32361822195133449487e-02-j6.35228965784029736552e-02
  +5.20550394804422666972e-02-j6.56932477182047835917e-02
  +5.04929530594112538355e-02-j6.74779544105843648305e-02
  +4.88760074816379369578e-02-j6.91028351577838567676e-02
  +4.70529563253953425628e-02-j7.10292320750489786230e-02
  +4.56014722520850582232e-02-j7.28683748297499350732e-02
  +4.38960726899938064038e-02-j7.44539796940339865250e-02
  +4.19969353984929877344e-02-j7.60778790954537154079e-02
  +4.05720296279185946298e-02-j7.80686236061947785858e-02
  +3.80895753050331242751e-02-j7.97285907271895050163e-02
  +3.62972578136142171035e-02-j8.10916939269312048166e-02
  +3.38485341219866564533e-02-j8.24473968202482920820e-02
  +3.21922278601361119832e-02-j8.40722168200952746364e-02
  +2.98358278853882372128e-02-j8.53465252641940064215e-02
  +2.77688629641582133967e-02-j8.68902986892313156098e-02
  +2.57204632633489770066e-02-j8.82548453161812185286e-02
  +2.32801160664383860466e-02-j8.93368344990690399499e-02
  +2.11277444178624949911e-02-j9.04947368677748720245e-02
  +1.84418166866111184199e-02-j9.14857748267897397110e-02
  +1.63793542752879509039e-02-j9.27220756419150221594e-02
  +1.35895300486446983512e-02-j9.36885449252958801836e-02
  +1.14412642030201888027e-02-j9.43875037985516807115e-02
  +8.70922463449160487448e-03-j9.53135489124432161434e-02
  +6.24823433582017730148e-03-j9.59255943575318265060e-02
  +3.80278365533640331717e-03-j9.70274768624219963176e-02
  +1.43672498846444127510e-03-j9.74028778617204021861e-02
  -1.62173332461671131782e-03-j9.76003028331614702617e-02
  -4.19771589219687050326e-03-j9.83995276634362786572e-02
  -7.07961946549641365362e-03-j9.91189866162768273838e-02
  -9.56376368553846917253e-03-j9.91172364950827916585e-02
  -1.23191182861373781099e-02-j9.92482881888057805186e-02
  -1.52943677267819173188e-02-j9.99758123329076153762e-02
  -1.76878975303525649843e-02-j1.00029987761254268719e-01
  -2.03615041382928796398e-02-j9.98494237420352315215e-02
  -2.31563456387967880890e-02-j9.98191357202892620704e-02
  -2.61900793498486064714e-02-j9.96567047003221184731e-02
  -2.87984576048407360516e-02-j9.95323281029007467247e-02
  -3.16096560250979860540e-02-j9.95377705221882763675e-02
  -3.44414130153921083100e-02-j9.92110832786244761783e-02
  -3.76117902266201731276e-02-j9.89400437628396300926e-02
  -3.98666523028668104423e-02-j9.82869574761074393798e-02
  -4.29704115902241334801e-02-j9.76179605527421195843e-02
  -4.57525080276416570846e-02-j9.70081516096849977293e-02
  -4.86306099099881317116e-02-j9.64077204747999932932e-02
  -5.16644157834803274820e-02-j9.50671663806980371536e-02
  -5.40791929265053983311e-02-j9.45591538022966249244e-02
  -5.70801255436428137124e-02-j9.33413050176771924571e-02
  -5.94698958780849468164e-02-j9.24142349231838605705e-02
  -6.28891392273461108386e-02-j9.14884313644477725758e-02
  -6.53517456293649101617e-02-j9.00387188470256755179e-02
  -6.80396833030518927155e-02-j8.86466457054736478582e-02
</dep>
<dep S[1,1] frequency>
  -4.16822623531875269265e-01+j8.64045264997932882522e-01
  -3.10754062746562254027e-01+j9.00780178000247677694e-01
  -1.99209660529994808664e-01+j9.22881508739767597582e-01
  -8.44607497582934019231e-02+j9.29396890720608936931e-01
  +3.11039049232059126859e-02+j9.17451189735304262207e-01
  +1.43946996259268017448e-01+j8.87154801804633352802e-01
  +2.49628605380321860752e-01+j8.37442918787950851822e-01
  +3.44718701304134345076e-01+j7.70221841639301851856e-01
  +4.21529715253729619917e-01+j6.87758089493567204009e-01
  +4.79525092737992431058e-01+j5.94861791995667688049e-01
  +5.15350609616453403383e-01+j4.96669030164485270085e-01
  +5.28068182064085234195e-01+j4.01836371458033247972e-01
  +5.22025089860696289712e-01+j3.14540789624087102627e-01
  +5.00016358131487481664e-01+j2.37521990439222979719e-01
  +4.68046188253081141273e-01+j1.75828627248392072024e-01
  +4.31021940872576947434e-01+j1.28213940938024323346e-01
  +3.91509187862772556343e-01+j9.60927717563477556961e-02
  +3.61521398834745322226e-01+j7.42578978120550514674e-02
  +3.27452865476326626659e-01+j5.65639142872194355949e-02
  +2.99507737421186692739e-01+j4.78170730053460793507e-02
  +2.76410550457448778161e-01+j4.32702073102744291799e-02
  +2.58763303278700673715e-01+j4.17014496952856500434e-02
  +2.41240621399617050091e-01+j3.98297251758261972032e-02
  +2.30177396916807525118e-01+j4.16451265659316671730e-02
  +2.19978217618875565575e-01+j4.13745269570723397945e-02
  +2.14323921301402348094e-01+j4.11387674515445722623e-02
  +2.10116578877109966283e-01+j4.19504180392122408283e-02
  +2.06881879281566066764e-01+j3.96868248215877308938e-02
  +2.04327551352746800140e-01+j3.90688177800513139482e-02
  +2.02860336927077167246e-01+j3.61428205790089510097e-02
  +2.00999674358809415908e-01+j3.39320294963371543728e-02
  +1.98801749464290189451e-01+j3.05974249338225173789e-02
  +1.98007185950997699475e-01+j2.63156397777591505305e-02
  +1.95257635778817134620e-01+j2.14947670131798163062e-02
  +1.93144221798237508692e-01+j1.74404826217277146572e-02
  +1.89856564303419794726e-01+j1.24294021701419517278e-02
  +1.86674850210589077237e-01+j6.99629858558702480420e-03
  +1.83461649216038913401e-01+j1.15162083412887611411e-03
  +1.80333077467039082364e-01-j4.66460703945352495037e-03
  +1.76361046504201368634e-01-j8.87294706628521945291e-03
  +1.72092541787720515467e-01-j1.41068448517221532029e-02
  +1.67889611591050286199e-01-j1.82387288980368177105e-02
  +1.63123297714696163796e-01-j2.40312070573361555303e-02
  +1.57367803487881791069e-01-j2.60214932005892775335e-02
  +1.52357907108087109460e-01-j3.03314839146641111733e-02
  +1.46325245197693409871e-01-j3.34901757459426727137e-02
  +1.39067300637845447930e-01-j3.58632400802510187265e-02
  +1.32906532204258354124e-01-j3.83905779458263707316e-02
  +1.27131585800565244382e-01-j4.03609173177352856254e-02
  +1.20885773092147735808e-01-j4.20022378020382322616e-02
  +1.14041287866682231056e-01-j4.40225663218695162371e-02
  +1.08394025375476585338e-01-j4.50740043949143659452e-02
  +1.02019957722333021177e-01-j4.60889622038039431517e-02
  +9.58193563077730514621e-02-j4.57527774241473089711e-02
  +9.04421193529482275730e-02-j4.53835261197582245929e-02
  +8.51124152802565786535e-02-j4.41500728676894049762e-02
  +7.74060953413415048230e-02-j4.28711484190760494517e-02
  +7.18809987882083611943e-02-j4.14238926000769502878e-02
  +6.58529539562693194688e-02-j3.78259811513039292952e-02
  +5.97497666185127507266e-02-j3.61546218223500123723e-02
  +5.46936062480918722128e-02-j3.30557267705157628579e-02
  +4.94064550104727773228e-02-j2.95787880668765199021e-02
  +4.46268240788939493657e-02-j2.68732722431225951043e-02
  +4.02018953042839605194e-02-j2.29481172715215696323e-02
  +3.56705126939244818174e-02-j1.85943136625838500997e-02
  +3.20906841228180972347e-02-j1.54526955289707099150e-02
  +2.82318593619692963237e-02-j1.11358194032130947831e-02
  +2.55579871108187473006e-02-j6.41985848645482224534e-03
  +2.18908166056215047757e-02-j1.62934184985543111662e-03
  +1.97942611484824282364e-02+j3.57325915623438183921e-03
  +1.76836552355594325836e-02+j9.45696298284563925673e-03
  +1.56818423121425770672e-02+j1.43001156468088464618e-02
  +1.39776003738166856860e-02+j1.98633095464031406152e-02
  +1.30433548502292186860e-02+j2.45604107744187213913e-02
  +1.19854134448239557642e-02+j3.06629053172890117529e-02
  +1.12373238361139198699e-02+j3.51462570832805978882e-02
  +1.10834932283620374305e-02+j4.01958773241743727578e-02
  +1.09077485180842509438e-02+j4.55801686163822689091e-02
  +1.17595611310455094856e-02+j5.04834183429138383392e-02
  +1.24880133157379297898e-02+j5.57710792038662722669e-02
  +1.37853789700382919209e-02+j6.00817160451705620239e-02
  +1.58120791833515177138e-02+j6.47458154621713827259e-02
  +1.76610359091326253600e-02+j7.00752335891439703808e-02
  +1.94136308317126408951e-02+j7.48798663197882408138e-02
  +2.15770544056192968563e-02+j7.88340578185705853631e-02
  +2.47205050211726611031e-02+j8.35571292330007653337e-02
  +2.63083027598163161909e-02+j8.81610438182057476464e-02
  +3.03569776844780161995e-02+j9.12529430375242506246e-02
  +3.26453735045345583288e-02+j9.48406677604483605570e-02
  +3.59204204321623074558e-02+j9.85636738927729433302e-02
  +3.91263385619419271078e-02+j1.02477759220528361062e-01
  +4.24043827240161499970e-02+j1.04710033829862284027e-01
  +4.54981867552650340314e-02+j1.06760571473792698072e-01
  +5.02076457899041511679e-02+j1.09196327006397808645e-01
  +5.47300229912751901029e-02+j1.11229521880273046763e-01
  +5.93228750331872833890e-02+j1.13143795239502173433e-01
  +6.32928421267604651712e-02+j1.14550499785900775085e-01
  +6.79833991709431761929e-02+j1.15586170413741418095e-01
  +7.24754217915415249740e-02+j1.17722532878557481495e-01
  +7.73210744310700720527e-02+j1.19335890138774755598e-01
  +8.00561583130314918799e-02+j1.19420344830451621854e-01
  +8.41479946624445473979e-02+j1.20597273172127136820e-01
  +8.83537378852338739499e-02+j1.20973610843816095639e-01
  +9.26205747764637654651e-02+j1.21056598309809651526e-01
  +9.56063185146303479156e-02+j1.20086269744314452779e-01
  +1.00146995205315406108e-01+j1.19417209416447941961e-01
  +1.04521394044578441740e-01+j1.18926020602963283812e-01
  +1.08168339273663399736e-01+j1.16941035514570523812e-01
  +1.12829554089759781510e-01+j1.16146220938743854889e-01
  +1.17147957046452921848e-01+j1.14516954189009700915e-01
  +1.21105860164276338264e-01+j1.12518110673322097037e-01
  +1.24444286825424493825e-01+j1.11366333136559719774e-01
  +1.28126075454204985116e-01+j1.10345747317285150513e-01
  +1.30300238624941638887e-01+j1.08657577183687847899e-01
  +1.33493666899195534414e-01+j1.06721404747757014908e-01
  +1.35755428649568465893e-01+j1.04806386470531559540e-01
  +1.37256746191168482740e-01+j1.02737151237415225147e-01
  +1.39964942806242359508e-01+j9.90713718360349548941e-02
  +1.42342524509415147005e-01+j9.65353590423826263267e-02
  +1.43828777543104663339e-01+j9.32330403791388623302e-02
  +1.46780009179835246869e-01+j8.98756853222799356740e-02
  +1.48931993221163933017e-01+j8.65171337043795785071e-02
  +1.51493641306189003037e-01+j8.38699040812413559864e-02
  +1.54207830793228889421e-01+j8.12031376952938171998e-02
  +1.55081790702750216271e-01+j7.88855771848846060168e-02
  +1.56436201445978834146e-01+j7.62597206401263855158e-02
  +1.57133839858639018372e-01+j7.41433817261079736172e-02
  +1.57299428228339421842e-01+j7.16436946454624412617e-02
  +1.56978354902658240322e-01+j6.83565193378032898153e-02
  +1.56299419815444734505e-01+j6.60129680926274803321e-02
  +1.56371368817324635225e-01+j6.29075352023597961226e-02
  +1.55694596475593999285e-01+j5.90882832286585071846e-02
  +1.55946687907182274246e-01+j5.52583529919840055200e-02
  +1.55687633437208705622e-01+j5.20758353801054063581e-02
  +1.55937952132484014545e-01+j4.89944479529774296056e-02
  +1.55381842665753333588e-01+j4.56712394706118088306e-02
  +1.55914745813866467694e-01+j4.26391323226674237579e-02
  +1.54725644701004361181e-01+j4.14542717971218208084e-02
  +1.53946175346029195952e-01+j3.97841898651950659493e-02
  +1.52769633789614917019e-01+j3.77700152690020538038e-02
  +1.50258906651690893330e-01+j3.66995460272182133510e-02
</dep>
