<Qucs Dataset 1.0.5>
<indep frequency 141>
  +1.00000000000000000000e+08
  +1.10000000000000000000e+08
  +1.20000000000000000000e+08
  +1.30000000000000000000e+08
  +1.40000000000000000000e+08
  +1.50000000000000000000e+08
  +1.60000000000000000000e+08
  +1.70000000000000000000e+08
  +1.80000000000000000000e+08
  +1.90000000000000000000e+08
  +2.00000000000000000000e+08
  +2.10000000000000000000e+08
  +2.20000000000000000000e+08
  +2.30000000000000000000e+08
  +2.40000000000000000000e+08
  +2.50000000000000000000e+08
  +2.60000000000000000000e+08
  +2.70000000000000000000e+08
  +2.80000000000000000000e+08
  +2.90000000000000000000e+08
  +3.00000000000000000000e+08
  +3.10000000000000000000e+08
  +3.20000000000000000000e+08
  +3.30000000000000000000e+08
  +3.40000000000000000000e+08
  +3.50000000000000000000e+08
  +3.60000000000000000000e+08
  +3.70000000000000000000e+08
  +3.80000000000000000000e+08
  +3.90000000000000000000e+08
  +4.00000000000000000000e+08
  +4.10000000000000000000e+08
  +4.20000000000000000000e+08
  +4.30000000000000000000e+08
  +4.40000000000000000000e+08
  +4.50000000000000000000e+08
  +4.60000000000000000000e+08
  +4.70000000000000000000e+08
  +4.80000000000000000000e+08
  +4.90000000000000000000e+08
  +5.00000000000000000000e+08
  +5.10000000000000000000e+08
  +5.20000000000000000000e+08
  +5.30000000000000000000e+08
  +5.40000000000000000000e+08
  +5.50000000000000000000e+08
  +5.60000000000000000000e+08
  +5.70000000000000000000e+08
  +5.80000000000000000000e+08
  +5.90000000000000000000e+08
  +6.00000000000000000000e+08
  +6.10000000000000000000e+08
  +6.20000000000000000000e+08
  +6.30000000000000000000e+08
  +6.40000000000000000000e+08
  +6.50000000000000000000e+08
  +6.60000000000000000000e+08
  +6.70000000000000000000e+08
  +6.80000000000000000000e+08
  +6.90000000000000000000e+08
  +7.00000000000000000000e+08
  +7.10000000000000000000e+08
  +7.20000000000000000000e+08
  +7.30000000000000000000e+08
  +7.40000000000000000000e+08
  +7.50000000000000000000e+08
  +7.60000000000000000000e+08
  +7.70000000000000000000e+08
  +7.80000000000000000000e+08
  +7.90000000000000000000e+08
  +8.00000000000000000000e+08
  +8.10000000000000000000e+08
  +8.20000000000000000000e+08
  +8.30000000000000000000e+08
  +8.40000000000000000000e+08
  +8.50000000000000000000e+08
  +8.60000000000000000000e+08
  +8.70000000000000000000e+08
  +8.80000000000000000000e+08
  +8.90000000000000000000e+08
  +9.00000000000000000000e+08
  +9.10000000000000000000e+08
  +9.20000000000000000000e+08
  +9.30000000000000000000e+08
  +9.40000000000000000000e+08
  +9.50000000000000000000e+08
  +9.60000000000000000000e+08
  +9.70000000000000000000e+08
  +9.80000000000000000000e+08
  +9.90000000000000000000e+08
  +1.00000000000000000000e+09
  +1.01000000000000000000e+09
  +1.02000000000000000000e+09
  +1.03000000000000000000e+09
  +1.04000000000000000000e+09
  +1.05000000000000000000e+09
  +1.06000000000000000000e+09
  +1.07000000000000000000e+09
  +1.08000000000000000000e+09
  +1.09000000000000000000e+09
  +1.10000000000000000000e+09
  +1.11000000000000000000e+09
  +1.12000000000000000000e+09
  +1.13000000000000000000e+09
  +1.14000000000000000000e+09
  +1.15000000000000000000e+09
  +1.16000000000000000000e+09
  +1.17000000000000000000e+09
  +1.18000000000000000000e+09
  +1.19000000000000000000e+09
  +1.20000000000000000000e+09
  +1.21000000000000000000e+09
  +1.22000000000000000000e+09
  +1.23000000000000000000e+09
  +1.24000000000000000000e+09
  +1.25000000000000000000e+09
  +1.26000000000000000000e+09
  +1.27000000000000000000e+09
  +1.28000000000000000000e+09
  +1.29000000000000000000e+09
  +1.30000000000000000000e+09
  +1.31000000000000000000e+09
  +1.32000000000000000000e+09
  +1.33000000000000000000e+09
  +1.34000000000000000000e+09
  +1.35000000000000000000e+09
  +1.36000000000000000000e+09
  +1.37000000000000000000e+09
  +1.38000000000000000000e+09
  +1.39000000000000000000e+09
  +1.40000000000000000000e+09
  +1.41000000000000000000e+09
  +1.42000000000000000000e+09
  +1.43000000000000000000e+09
  +1.44000000000000000000e+09
  +1.45000000000000000000e+09
  +1.46000000000000000000e+09
  +1.47000000000000000000e+09
  +1.48000000000000000000e+09
  +1.49000000000000000000e+09
  +1.50000000000000000000e+09
</indep>
<dep dBS12 frequency>
  -5.52467868109568982504e+01
  -5.38235306447501500315e+01
  -5.28399296093653703110e+01
  -5.19893143411418350297e+01
  -5.13618741602237491861e+01
  -5.07801063058560657737e+01
  -5.03945609065583113306e+01
  -4.99962540228844076751e+01
  -4.97607820771347704181e+01
  -4.95089675248320446599e+01
  -4.92966398228651740965e+01
  -4.91602011292861220682e+01
  -4.90426738719567723024e+01
  -4.88547556075786175711e+01
  -4.87655595043159166835e+01
  -4.86030708825667616679e+01
  -4.84718662157561936965e+01
  -4.84647710814141561286e+01
  -4.82540859478836736685e+01
  -4.81886423297757815476e+01
  -4.81067699328388442837e+01
  -4.80357902486243517615e+01
  -4.78497901453924256998e+01
  -4.77522930492399666491e+01
  -4.76299694412616858585e+01
  -4.75036518517520462979e+01
  -4.73998048969494334415e+01
  -4.72730870097266802077e+01
  -4.71003190108659168800e+01
  -4.70328576404694445046e+01
  -4.68846073204080653340e+01
  -4.67479921635446089567e+01
  -4.66609004297447711451e+01
  -4.65254999637233694898e+01
  -4.64155586643131243818e+01
  -4.62655001113879293939e+01
  -4.60924698569480639776e+01
  -4.60075805000102917575e+01
  -4.58844291814595663936e+01
  -4.57231545343458805064e+01
  -4.56286818348239506804e+01
  -4.54624170946941958960e+01
  -4.53457061240400420843e+01
  -4.51782659158726715987e+01
  -4.50989742610049333393e+01
  -4.49506459182531870056e+01
  -4.48102451723732428945e+01
  -4.46785672743946662422e+01
  -4.45288080356786437619e+01
  -4.43658464821362485964e+01
  -4.43132321667803381615e+01
  -4.41330687907883145726e+01
  -4.40319928021005182472e+01
  -4.39295457191199147928e+01
  -4.37502437616403128118e+01
  -4.36285147588407227204e+01
  -4.35533910966396717868e+01
  -4.34360702446701338886e+01
  -4.33010657818829614030e+01
  -4.31679557545855345779e+01
  -4.30950736359066297609e+01
  -4.30048041117036632386e+01
  -4.28959093481089936972e+01
  -4.27983257812678914433e+01
  -4.27185001605522813861e+01
  -4.25713766433861451333e+01
  -4.25023379765926847540e+01
  -4.23919983165734066688e+01
  -4.22914261952306631542e+01
  -4.21950181380955129384e+01
  -4.21916703421107186500e+01
  -4.20443287366552453932e+01
  -4.19700780608932788596e+01
  -4.18969785626913022725e+01
  -4.18590585979008551476e+01
  -4.17824603449715397119e+01
  -4.17273112579382541298e+01
  -4.16428311710397025536e+01
  -4.15802946004242528488e+01
  -4.15423319158545467644e+01
  -4.14873609950457407081e+01
  -4.14271964917595738598e+01
  -4.13661580875264149881e+01
  -4.13251617354476152855e+01
  -4.12796825117318917364e+01
  -4.12278443980981279537e+01
  -4.11988653225298477878e+01
  -4.11457160387275990843e+01
  -4.11117310731886931308e+01
  -4.10995430601204247978e+01
  -4.10699650086960446060e+01
  -4.10022360875140918779e+01
  -4.09869748109041864836e+01
  -4.09808156515594532721e+01
  -4.09563488231188586042e+01
  -4.09073853506659830259e+01
  -4.08942985512327652486e+01
  -4.08801322208533051139e+01
  -4.08019862407635329760e+01
  -4.08011026686218798432e+01
  -4.07933435329419324944e+01
  -4.08016959501910605468e+01
  -4.07481597894941813820e+01
  -4.07488058740903724697e+01
  -4.07118854320476515340e+01
  -4.06773489601933846416e+01
  -4.06771194086742227114e+01
  -4.06540704073025978005e+01
  -4.06489819712753615022e+01
  -4.06016006693277944350e+01
  -4.05870948026555993238e+01
  -4.05778702896540082179e+01
  -4.05550857877809391994e+01
  -4.05504454322850520498e+01
  -4.04940786534234433702e+01
  -4.04975016936317189220e+01
  -4.05165739796138169027e+01
  -4.04653720543229269424e+01
  -4.04218253253728647678e+01
  -4.04283034904607347926e+01
  -4.04105756338693566931e+01
  -4.03392847751019587577e+01
  -4.03182560583203297710e+01
  -4.03055954387470052325e+01
  -4.02773937956493170987e+01
  -4.02489858901567600924e+01
  -4.02199847827382797050e+01
  -4.01733499769041628724e+01
  -4.01426887702155141824e+01
  -4.00981055176460330358e+01
  -4.00906202412732497464e+01
  -4.00557589121610959637e+01
  -4.00180496695373904004e+01
  -3.99685904151424580277e+01
  -3.99506106746208118352e+01
  -3.98971350138140294916e+01
  -3.98563264315933878379e+01
  -3.98229583637997421874e+01
  -3.97396663028391259331e+01
  -3.97172309774188505571e+01
  -3.96856529876476713525e+01
</dep>
<dep dBS21 frequency>
  -6.78681095690035311729e-03
  +8.16469355249854200629e-01
  +1.46007039063463350814e+00
  +1.92068565885816555650e+00
  +2.26812583977624981912e+00
  +2.48989369414393557634e+00
  +2.61543909344169200892e+00
  +2.67374597711558870117e+00
  +2.65921792286522951088e+00
  +2.61103247516795144989e+00
  +2.54336017713482487324e+00
  +2.45979887071388336750e+00
  +2.35732612804322805289e+00
  +2.24524439242138118544e+00
  +2.13444049568407745454e+00
  +2.01692911743324643226e+00
  +1.89813378424380330145e+00
  +1.76522891858583697022e+00
  +1.66591405211632603844e+00
  +1.57135767022422023764e+00
  +1.48323006716116068127e+00
  +1.39420975137564906454e+00
  +1.29020985460757686702e+00
  +1.22770695076003844015e+00
  +1.14003055873831504741e+00
  +1.06634814824795620680e+00
  +1.01019510305056758881e+00
  +9.36912990273317980439e-01
  +8.69680989134079429626e-01
  +8.07142359530560571379e-01
  +7.65392679591938018824e-01
  +7.02007836455394884645e-01
  +6.59099570255223699000e-01
  +6.14500036276632077836e-01
  +5.64441335686880374389e-01
  +5.14499888612074185446e-01
  +4.67530143051933633203e-01
  +4.32419499989706745957e-01
  +3.95570818540437796340e-01
  +3.56845465654117621757e-01
  +3.21318165176046943721e-01
  +2.97582905305807554619e-01
  +2.54293875959955562038e-01
  +2.21734084127326647184e-01
  +1.81025738995067853043e-01
  +1.59354081746818615484e-01
  +1.09754827626754786207e-01
  +9.14327256053444892281e-02
  +6.11919643213554576011e-02
  +1.41535178637453816497e-02
  -1.32321667803328192614e-02
  -4.30687907883145759680e-02
  -8.19928021005136842270e-02
  -1.19545719119913074202e-01
  -1.50243761640317136097e-01
  -1.78514758840728732237e-01
  -2.23391096639672076529e-01
  -2.56070244670136282217e-01
  -3.01065781882958849458e-01
  -3.37955754585538725721e-01
  -3.75073635906633007231e-01
  -4.24804111703672659939e-01
  -4.65909348108995147175e-01
  -5.18325781267883312076e-01
  -5.78500160552278708259e-01
  -6.11376643386141838121e-01
  -6.72337976592680908183e-01
  -7.21998316573408294161e-01
  -7.91426195230660489699e-01
  -8.35018138095507955754e-01
  -9.11670342110723286311e-01
  -9.64328736655247542586e-01
  -1.03007806089328113330e+00
  -1.09697856269130245011e+00
  -1.15905859790085519201e+00
  -1.24246034497154522747e+00
  -1.30731125793825864179e+00
  -1.38283117103970276673e+00
  -1.46029460042425318633e+00
  -1.54233191585454698647e+00
  -1.61736099504574104557e+00
  -1.69719649175956766030e+00
  -1.77615808752642134749e+00
  -1.86516173544761354464e+00
  -1.94968251173188633629e+00
  -2.03784439809812667477e+00
  -2.13886532252984240543e+00
  -2.20571603872759247622e+00
  -2.31173107318868797933e+00
  -2.39954306012042017926e+00
  -2.49996500869603810457e+00
  -2.59223608751409440032e+00
  -2.68697481090418532901e+00
  -2.78081565155945842349e+00
  -2.87634882311887052353e+00
  -2.96738535066598441148e+00
  -3.07429855123276674078e+00
  -3.17013222085330292899e+00
  -3.25198624076353492995e+00
  -3.35110266862187344827e+00
  -3.45334353294193308059e+00
  -3.55169595019105210909e+00
  -3.64815978949419195132e+00
  -3.74880587409036980517e+00
  -3.85188543204764943795e+00
  -3.94734896019338687978e+00
  -4.02711940867422502066e+00
  -4.13407040730258934502e+00
  -4.22898197127536601414e+00
  -4.31160066932778907045e+00
  -4.40709480265559427892e+00
  -4.48787028965401368907e+00
  -4.58508578778093678352e+00
  -4.68044543228505194321e+00
  -4.76407865342343761483e+00
  -4.84750169363171856673e+00
  -4.93657397961381150253e+00
  -5.02537205432291855800e+00
  -5.11182532537287048768e+00
  -5.18830349046073457941e+00
  -5.27057563386935434835e+00
  -5.34928477510196564992e+00
  -5.41825605832033208031e+00
  -5.49559543874700295873e+00
  -5.56739379564931446964e+00
  -5.63898589015676243719e+00
  -5.70998478273827636542e+00
  -5.78334997690416408034e+00
  -5.85268877021551947593e+00
  -5.92810551764604198866e+00
  -5.99062024127325187806e+00
  -6.04575891216108907145e+00
  -6.11804966953739359781e+00
  -6.16859041514245998172e+00
  -6.22061067462081673796e+00
  -6.27713501381402849688e+00
  -6.32632643159338403649e+00
  -6.38295836379974357300e+00
  -6.43966630283912166988e+00
  -6.48723097741884835443e+00
  -6.53565298764767010908e+00
</dep>
<dep dBS22 frequency>
  -1.84510098952721968146e+01
  -1.83701014346142734723e+01
  -1.81034952636290427108e+01
  -1.76977073717253254870e+01
  -1.72444846442395487429e+01
  -1.67978921786260642079e+01
  -1.63956659662861206073e+01
  -1.60374933813782476477e+01
  -1.57510780506036436321e+01
  -1.55063518631146823878e+01
  -1.53030577717334672627e+01
  -1.51490454893125754410e+01
  -1.50247990072513211146e+01
  -1.49227429640021966861e+01
  -1.48506639132208189125e+01
  -1.47898140397226818266e+01
  -1.47465936243983346543e+01
  -1.47053856220508016861e+01
  -1.46751653681993445844e+01
  -1.46695367644672280960e+01
  -1.46652164429612934526e+01
  -1.46658566740708078413e+01
  -1.46665457566557364544e+01
  -1.46892291535809746961e+01
  -1.47008232992159335595e+01
  -1.47212355986229965765e+01
  -1.47530684102292006799e+01
  -1.47822370399909068794e+01
  -1.48131231884242904329e+01
  -1.48483118391843955663e+01
  -1.48833642811772790537e+01
  -1.49271825611761244090e+01
  -1.49747895291037167453e+01
  -1.50215206654627841942e+01
  -1.50686242797968983353e+01
  -1.51207103516846075308e+01
  -1.51635723781948286160e+01
  -1.52232321006981230482e+01
  -1.52807242883423892721e+01
  -1.53454781594494136243e+01
  -1.54061519481111712793e+01
  -1.54675975361682755960e+01
  -1.55365165895007457664e+01
  -1.55963105984514509572e+01
  -1.56665954380718552841e+01
  -1.57376518993164751237e+01
  -1.57984390354917820787e+01
  -1.58772043476716344657e+01
  -1.59526043402756698697e+01
  -1.60215971297664268036e+01
  -1.60951106293841235129e+01
  -1.61771748344959362953e+01
  -1.62474950106673006189e+01
  -1.63182595393387366300e+01
  -1.64002524463302137292e+01
  -1.64687983801863033761e+01
  -1.65388263134730877368e+01
  -1.66043165005097534959e+01
  -1.66599883032173607944e+01
  -1.67278253993930761112e+01
  -1.67844912847207936579e+01
  -1.68365809071939906971e+01
  -1.68913535385123410038e+01
  -1.69339757960025849570e+01
  -1.69646560386894478256e+01
  -1.70104130047517685398e+01
  -1.70370921131308676877e+01
  -1.70588614406974734550e+01
  -1.70665301295983660168e+01
  -1.70760698054829269665e+01
  -1.70562075753007853507e+01
  -1.70689797068058410900e+01
  -1.70501063119189986139e+01
  -1.70257660933461565378e+01
  -1.69885106802445129404e+01
  -1.69509505500637871478e+01
  -1.69042577089096752729e+01
  -1.68563961581046797278e+01
  -1.68000674346733021025e+01
  -1.67355046004229848222e+01
  -1.66620071233495536944e+01
  -1.65967806982643111269e+01
  -1.65133916083477636505e+01
  -1.64341229226818406062e+01
  -1.63427006885884722465e+01
  -1.62609352961616480115e+01
  -1.61665362948067041771e+01
  -1.60862091956997232955e+01
  -1.59822071648251569087e+01
  -1.58921238356889293897e+01
  -1.57986653868123276823e+01
  -1.57041437554470046933e+01
  -1.56114200465394059592e+01
  -1.55134488005896322704e+01
  -1.54159017918902723210e+01
  -1.53262779142371297070e+01
  -1.52353521975747785433e+01
  -1.51452348028142260716e+01
  -1.50586598279949299695e+01
  -1.49673666944503800380e+01
  -1.48822894442903130852e+01
  -1.47986816225078285925e+01
  -1.47176060928410468165e+01
  -1.46335097329087595597e+01
  -1.45533210312870213698e+01
  -1.44770134127808063340e+01
  -1.43983706426744788587e+01
  -1.43279106645469624937e+01
  -1.42565119328513816299e+01
  -1.41890579619358554453e+01
  -1.41223527159992663371e+01
  -1.40635181042134576046e+01
  -1.39958763355807409567e+01
  -1.39373359332241939512e+01
  -1.38766953649179107799e+01
  -1.38210670095413199476e+01
  -1.37634946410406193706e+01
  -1.37111507267834475954e+01
  -1.36528902546295487497e+01
  -1.36083871803219942365e+01
  -1.35628397987014750470e+01
  -1.35135063461261530904e+01
  -1.34722658110682012023e+01
  -1.34330160489348067188e+01
  -1.33954528287124148278e+01
  -1.33553424304047716475e+01
  -1.33183439401844836425e+01
  -1.32800516152289578287e+01
  -1.32477546086632997913e+01
  -1.32103448544352666261e+01
  -1.31832736500368561394e+01
  -1.31548254867657536948e+01
  -1.31248736834794783590e+01
  -1.30987850560271184008e+01
  -1.30791350228382086129e+01
  -1.30570339296994184508e+01
  -1.30376899880486281091e+01
  -1.30179628265244335950e+01
  -1.29952775200292869329e+01
  -1.29832308209809497157e+01
  -1.29649818947749846387e+01
</dep>
<dep K frequency>
  +2.74230489793456627012e+02
  +2.12109429567377077319e+02
  +1.76054098031148242853e+02
  +1.51402689025395915223e+02
  +1.35275817585594012371e+02
  +1.23203444148257275970e+02
  +1.16013980991488651284e+02
  +1.09893330838447923270e+02
  +1.06974154243839308265e+02
  +1.04326986713412864560e+02
  +1.02444300264517138999e+02
  +1.01691228648813236646e+02
  +1.01391212427808838470e+02
  +1.00392671211607677151e+02
  +1.00547829089115765555e+02
  +9.99461252827744885963e+01
  +9.97307706379748282188e+01
  +1.01123460322595008165e+02
  +9.97672566833254563790e+01
  +1.00060122934732902422e+02
  +1.00095882428503358597e+02
  +1.00278585262434305037e+02
  +9.92945216743237324408e+01
  +9.88849252185950291505e+01
  +9.84709675038367606703e+01
  +9.78624004691733944128e+01
  +9.73320508555405012885e+01
  +9.67314179595720275984e+01
  +9.55641526478753888796e+01
  +9.55212967536129298196e+01
  +9.43640023225473214552e+01
  +9.35863047624095258925e+01
  +9.31347235812566935920e+01
  +9.21802986728026780838e+01
  +9.15708257950430208894e+01
  +9.05409776451898693495e+01
  +8.92476561937257741874e+01
  +8.87670658453496486118e+01
  +8.79169114459019596097e+01
  +8.67183426767904279586e+01
  +8.61619396205688303780e+01
  +8.47899071477581856016e+01
  +8.41113349127898572988e+01
  +8.28391902953302121659e+01
  +8.25164472541447224785e+01
  +8.13567000720129271940e+01
  +8.05340496605756754889e+01
  +7.95285870333455306991e+01
  +7.84793087190767977290e+01
  +7.74710105163233322401e+01
  +7.72808220659245961315e+01
  +7.59942150118941412984e+01
  +7.54871053071219364483e+01
  +7.49539402589495438178e+01
  +7.37239852424648631768e+01
  +7.29644540848738643035e+01
  +7.27361524350630901381e+01
  +7.20593914945981453002e+01
  +7.13370756648157140489e+01
  +7.05761173484758046470e+01
  +7.03049528118365287810e+01
  +6.99969504463622627100e+01
  +6.94688485410483167470e+01
  +6.91198509050619094296e+01
  +6.89695423271967058554e+01
  +6.80828174652415896162e+01
  +6.80215582065921609001e+01
  +6.75508956381636380684e+01
  +6.73006479258807388533e+01
  +6.68894666451325434764e+01
  +6.74337132934276723972e+01
  +6.66969499326755226321e+01
  +6.66101867704981458473e+01
  +6.65394730726023055922e+01
  +6.66917271213401363639e+01
  +6.67097901117782328129e+01
  +6.67463409204754754001e+01
  +6.66370224685902172723e+01
  +6.67065354414846467535e+01
  +6.69923290794517924951e+01
  +6.70907321182091038736e+01
  +6.71877480045725832269e+01
  +6.72617396806010390264e+01
  +6.75645785536247132086e+01
  +6.77925588650583392791e+01
  +6.80045824213401886027e+01
  +6.84819097741831370740e+01
  +6.85155705476801699660e+01
  +6.89867549703527060956e+01
  +6.94977028450249463276e+01
  +6.99677000974546103862e+01
  +7.00664129166577822616e+01
  +7.06045821921673280031e+01
  +7.12139947690461667662e+01
  +7.16864587281544061170e+01
  +7.19271146847991644790e+01
  +7.25914833635353744512e+01
  +7.31598002929280966100e+01
  +7.30769268159000517926e+01
  +7.37800474967081072464e+01
  +7.44574700646601996823e+01
  +7.52457557613401348817e+01
  +7.54934853675585628707e+01
  +7.62438859975209481945e+01
  +7.66886108819477385623e+01
  +7.70987536074150483500e+01
  +7.76701351343073014277e+01
  +7.82895207856632708854e+01
  +7.89672373200652231162e+01
  +7.91565922548322760122e+01
  +7.97594869627014304569e+01
  +8.02885451883176557430e+01
  +8.08370701318817594938e+01
  +8.15459195810208825606e+01
  +8.16630641606324161330e+01
  +8.23470516631915074868e+01
  +8.32317609380847898137e+01
  +8.34573606045797902198e+01
  +8.37252004805128251519e+01
  +8.43985178467900283295e+01
  +8.49015018111918209343e+01
  +8.48356902470632689983e+01
  +8.51842058402620665447e+01
  +8.57028444062668626202e+01
  +8.60064703004704256273e+01
  +8.63079949598769360364e+01
  +8.66014742180373957581e+01
  +8.67389901390838815587e+01
  +8.70035856988611584484e+01
  +8.71820520861588477146e+01
  +8.76285648905845988565e+01
  +8.77165088408084159255e+01
  +8.79581573183201470556e+01
  +8.78599409248360814217e+01
  +8.81122995252990506287e+01
  +8.80426727412886975799e+01
  +8.80395879311951432555e+01
  +8.81782894881262677700e+01
  +8.78078664240431123744e+01
  +8.79811619361186103561e+01
  +8.80553855326540713122e+01
</dep>
<dep dBS11 frequency>
  -1.40961419351990429050e+01
  -1.43220630173171734612e+01
  -1.45495699282396362406e+01
  -1.47488576909311248642e+01
  -1.49385607565886289194e+01
  -1.50811936910654971200e+01
  -1.51832836247526472562e+01
  -1.52304149198681582078e+01
  -1.52607130084134112735e+01
  -1.52509598098530947397e+01
  -1.52223261968089005336e+01
  -1.51916893038202900357e+01
  -1.51462662807736929693e+01
  -1.50893112377151119574e+01
  -1.50352762636335270940e+01
  -1.49873414788121870345e+01
  -1.49351728162659149746e+01
  -1.48978170845236448372e+01
  -1.48402773010636259698e+01
  -1.47922309802798999101e+01
  -1.47506751017604322840e+01
  -1.47183342938406713785e+01
  -1.46649723416818602573e+01
  -1.46295961505815839132e+01
  -1.45931357842642484002e+01
  -1.45565853080760110316e+01
  -1.45331280844865151636e+01
  -1.45012500620299622511e+01
  -1.44737357431021589349e+01
  -1.44559153923586514168e+01
  -1.44327386125882775048e+01
  -1.44119776110036603711e+01
  -1.43998518762234475332e+01
  -1.43774696389195177915e+01
  -1.43679949816216439018e+01
  -1.43495479187571532975e+01
  -1.43288860104063804357e+01
  -1.43189601421801722125e+01
  -1.43092388306581153046e+01
  -1.43023074292143306252e+01
  -1.42959229420131670452e+01
  -1.42903132304389650642e+01
  -1.42871092334071274621e+01
  -1.42762001228416846033e+01
  -1.42877609190265424388e+01
  -1.42865347474380381954e+01
  -1.42778920265747704121e+01
  -1.42798697374726728526e+01
  -1.42842249797513574094e+01
  -1.42867027952850005335e+01
  -1.42910366545784590642e+01
  -1.42984513784481865883e+01
  -1.43082580690866159046e+01
  -1.43094116679357270527e+01
  -1.43251780653403386623e+01
  -1.43317676791037023065e+01
  -1.43323471099007129226e+01
  -1.43416624977937789964e+01
  -1.43445445860998326282e+01
  -1.43488421078939420994e+01
  -1.43500156046903697415e+01
  -1.43554431100024348922e+01
  -1.43543303010921974305e+01
  -1.43522552430585825789e+01
  -1.43481597539250831375e+01
  -1.43506312457108293756e+01
  -1.43424158068669207466e+01
  -1.43381598727785064540e+01
  -1.43220599003457245146e+01
  -1.43138791563250968863e+01
  -1.42880854833993389263e+01
  -1.42737525994895868564e+01
  -1.42489844312949394123e+01
  -1.42242561497203290344e+01
  -1.41898721723326932675e+01
  -1.41541342866081976126e+01
  -1.41172740760888544287e+01
  -1.40773230636725124043e+01
  -1.40349074462589413770e+01
  -1.39844465933207189323e+01
  -1.39352054927255171179e+01
  -1.38848673887930331716e+01
  -1.38306727900797188369e+01
  -1.37683890312534735756e+01
  -1.37051065054211917982e+01
  -1.36450951097165589232e+01
  -1.35705102075227816982e+01
  -1.35105405023135460851e+01
  -1.34323507678007540989e+01
  -1.33595515283213561730e+01
  -1.32827902607581762595e+01
  -1.32090703028310549882e+01
  -1.31296768908288967737e+01
  -1.30556083430853817617e+01
  -1.29779483301395277550e+01
  -1.29047984789073044709e+01
  -1.28255550377826210706e+01
  -1.27486682171206204828e+01
  -1.26754773465373187236e+01
  -1.25941302553256342378e+01
  -1.25118410806712496708e+01
  -1.24300150240849749395e+01
  -1.23563171061210308466e+01
  -1.22784376766493696920e+01
  -1.21986589610982427700e+01
  -1.21271586689828758665e+01
  -1.20528424372294118427e+01
  -1.19798045686482517169e+01
  -1.19088761200079638058e+01
  -1.18413429648317780618e+01
  -1.17705461632836279051e+01
  -1.17039588014621998013e+01
  -1.16357985899660665297e+01
  -1.15671296860457708533e+01
  -1.15016489820488416740e+01
  -1.14377687786893371680e+01
  -1.13704696594804630649e+01
  -1.13094122942767043583e+01
  -1.12468264849013461770e+01
  -1.11885881744843729280e+01
  -1.11346583099051432697e+01
  -1.10763796783818175840e+01
  -1.10257349256243273317e+01
  -1.09771231557372175303e+01
  -1.09230494039345593649e+01
  -1.08717857826112620501e+01
  -1.08213118251766182709e+01
  -1.07699013005120587394e+01
  -1.07201471208815561909e+01
  -1.06695216457102546315e+01
  -1.06269950722937061016e+01
  -1.05808192823726230358e+01
  -1.05407381767061458788e+01
  -1.04985541385145815241e+01
  -1.04621251851801062571e+01
  -1.04233261430061716624e+01
  -1.03897133454139947162e+01
  -1.03522759966275472721e+01
  -1.03146790745863636829e+01
  -1.02819189226954961214e+01
  -1.02453120716597982920e+01
</dep>
<dep Rn frequency>
  +9.26949064073350399440e+01
  +9.15510531389842157068e+01
  +9.08195736149832981710e+01
  +9.03810269150269789407e+01
  +9.01060037098283146406e+01
  +8.99700214770532795683e+01
  +8.99327235192851333068e+01
  +8.99557171965939801339e+01
  +9.00517598664534801856e+01
  +9.01776710684842583987e+01
  +9.03252179091937676958e+01
  +9.04935829419735426882e+01
  +9.06849110869085990316e+01
  +9.08919203487204612202e+01
  +9.11052351197896115309e+01
  +9.13351232777254011808e+01
  +9.15745153881019717801e+01
  +9.18408956212855969170e+01
  +9.20708779612044025953e+01
  +9.23038226829177830268e+01
  +9.25361925848494735192e+01
  +9.27777229667744052222e+01
  +9.30463875724235833786e+01
  +9.32642730470355019179e+01
  +9.35256695153101986762e+01
  +9.37720328557710871564e+01
  +9.40000843867439925816e+01
  +9.42574930708738776275e+01
  +9.45166271892004203892e+01
  +9.47732843477116801978e+01
  +9.50030236915779369156e+01
  +9.52710518921452091945e+01
  +9.55151390454304873856e+01
  +9.57629221614436687560e+01
  +9.60297261357554674532e+01
  +9.62987437754796360423e+01
  +9.65675163938899174809e+01
  +9.68172636664063617218e+01
  +9.70757725249594898287e+01
  +9.73458597614792182640e+01
  +9.76094221027932036350e+01
  +9.78589429915240742730e+01
  +9.81456053502114116327e+01
  +9.84189330530732604529e+01
  +9.87128955715913747326e+01
  +9.89723161413609489045e+01
  +9.92903495715669919264e+01
  +9.95478532890352312279e+01
  +9.98338721298002553795e+01
  +1.00158760430086218207e+02
  +1.00439072848930038617e+02
  +1.00733898322154828975e+02
  +1.01048328484554076567e+02
  +1.01362197719026454479e+02
  +1.01669129795862446031e+02
  +1.01970214957232613529e+02
  +1.02307526599121871413e+02
  +1.02622898779970441296e+02
  +1.02975083278467849368e+02
  +1.03303879712147690384e+02
  +1.03635653174472636806e+02
  +1.04001103645985466528e+02
  +1.04347231804540726330e+02
  +1.04727226135726112943e+02
  +1.05127991407333738039e+02
  +1.05463739434344290657e+02
  +1.05870893086791568294e+02
  +1.06257130797182483661e+02
  +1.06698789969487521034e+02
  +1.07074777873205690071e+02
  +1.07542275002864684552e+02
  +1.07952458348530427656e+02
  +1.08402072329815069907e+02
  +1.08855699035345352854e+02
  +1.09305411911531294322e+02
  +1.09820751407106968145e+02
  +1.10285779436060778380e+02
  +1.10793156813672297289e+02
  +1.11312027929503827295e+02
  +1.11854040974667825026e+02
  +1.12377933313555359973e+02
  +1.12929792284439869832e+02
  +1.13488249391546489164e+02
  +1.14088613871440983871e+02
  +1.14680398274808510450e+02
  +1.15304802081819417481e+02
  +1.15983873923615377066e+02
  +1.16546058343931434820e+02
  +1.17266316128949483755e+02
  +1.17937805272456344596e+02
  +1.18672219403755875078e+02
  +1.19381209471194082994e+02
  +1.20118670260477571787e+02
  +1.20872987837788528509e+02
  +1.21646400693355900557e+02
  +1.22417803664704962330e+02
  +1.23281634440324310731e+02
  +1.24110862168500716507e+02
  +1.24891296190830686896e+02
  +1.25778114120989229718e+02
  +1.26697924268827549099e+02
  +1.27626318864883117499e+02
  +1.28558223412471846814e+02
  +1.29541317018684736695e+02
  +1.30552364656686279432e+02
  +1.31547266689133948603e+02
  +1.32474899143867958173e+02
  +1.33582128140395724358e+02
  +1.34652046914214054141e+02
  +1.35653931638210110577e+02
  +1.36769509287883153092e+02
  +1.37811261081354501812e+02
  +1.38999246654430919534e+02
  +1.40196545172955865155e+02
  +1.41326996097554797416e+02
  +1.42486386971335775797e+02
  +1.43722093706037867378e+02
  +1.44960577314203959531e+02
  +1.46222223651152262391e+02
  +1.47417488553118261052e+02
  +1.48689191633200977094e+02
  +1.49952575115653388593e+02
  +1.51155232579475438115e+02
  +1.52460897666772723369e+02
  +1.53740151632763513589e+02
  +1.55045446838461145944e+02
  +1.56364911627494649338e+02
  +1.57731025173779016768e+02
  +1.59072257276589766661e+02
  +1.60516070891012475386e+02
  +1.61822657747270596929e+02
  +1.63077974959769733232e+02
  +1.64539123742404058248e+02
  +1.65778482942374296272e+02
  +1.67054417473327248445e+02
  +1.68383868951286501670e+02
  +1.69657827180186842497e+02
  +1.71041402650998207946e+02
  +1.72462518462150228515e+02
  +1.73754152998497318094e+02
  +1.75093741538795939050e+02
</dep>
<dep Fmin frequency>
  +9.44845191364896663799e+00
  +9.30135552232078133272e+00
  +9.20505997666147912639e+00
  +9.14527100439413942468e+00
  +9.10486576088048948918e+00
  +9.08157947001488352612e+00
  +9.06977683098736520151e+00
  +9.06544190148469652968e+00
  +9.06894615465631481754e+00
  +9.07595108182347409809e+00
  +9.08507812569060746455e+00
  +9.09600363981038917416e+00
  +9.10915289828123242444e+00
  +9.12367059348185449608e+00
  +9.13818782369981086333e+00
  +9.15395758690271321711e+00
  +9.17016409045273839240e+00
  +9.18884524041926731286e+00
  +9.20313564929642780044e+00
  +9.21683167376488476918e+00
  +9.22991521494351552235e+00
  +9.24339706667657701189e+00
  +9.25937058325814632553e+00
  +9.26902179590657482322e+00
  +9.28294613041591354374e+00
  +9.29477499246621796658e+00
  +9.30384134450949140671e+00
  +9.31585119718335441519e+00
  +9.32705388077166830385e+00
  +9.33760669643363350190e+00
  +9.34470375234963412936e+00
  +9.35551714751569640782e+00
  +9.36288821095359402591e+00
  +9.37057854247012400606e+00
  +9.37937030646154923375e+00
  +9.38815705644409881359e+00
  +9.39661622257385076296e+00
  +9.40277909025540736820e+00
  +9.40936474852425241977e+00
  +9.41631992733340084101e+00
  +9.42271162192261257928e+00
  +9.42695232673680827418e+00
  +9.43487840813930844774e+00
  +9.44088548387621706581e+00
  +9.44848203785396556498e+00
  +9.45240169387334994155e+00
  +9.46185276302990807551e+00
  +9.46513444650478952269e+00
  +9.47082961607363316148e+00
  +9.47991885425770242080e+00
  +9.48507316212501550012e+00
  +9.49079236224176270298e+00
  +9.49844966412186586524e+00
  +9.50585535630446365474e+00
  +9.51195551533508876219e+00
  +9.51758698022466376187e+00
  +9.52664645914722640896e+00
  +9.53332307440594206582e+00
  +9.54275165794782331830e+00
  +9.55036142146206934456e+00
  +9.55815730701833921046e+00
  +9.56882947171884623572e+00
  +9.57764019472388916654e+00
  +9.58919285980119973090e+00
  +9.60256621191326686926e+00
  +9.60991147269966639044e+00
  +9.62377065853391044925e+00
  +9.63524440164836804001e+00
  +9.65149059718345725400e+00
  +9.66182700686467477169e+00
  +9.68024190238932114028e+00
  +9.69311557256136602234e+00
  +9.70938436496505552498e+00
  +9.72622081646926872622e+00
  +9.74201287769851909104e+00
  +9.76364202790685808964e+00
  +9.78074851292434921390e+00
  +9.80099803232580235601e+00
  +9.82212649981194907411e+00
  +9.84485641422487844920e+00
  +9.86609523746566274838e+00
  +9.88903860399277157001e+00
  +9.91216939805559427157e+00
  +9.93863918164743331829e+00
  +9.96434548414159948493e+00
  +9.99163119406415134449e+00
  +1.00234601486924645997e+01
  +1.00449623057947547977e+01
  +1.00797544800595595405e+01
  +1.01090489979241500151e+01
  +1.01433281541328561559e+01
  +1.01755630416162432539e+01
  +1.02091602235253713360e+01
  +1.02432559056126777364e+01
  +1.02786655822071626432e+01
  +1.03131313597092422185e+01
  +1.03544077513183658823e+01
  +1.03921543677903773784e+01
  +1.04251478096730068046e+01
  +1.04656630144291842299e+01
  +1.05084196213870271208e+01
  +1.05503315216870365845e+01
  +1.05925256788674335695e+01
  +1.06374318561225429391e+01
  +1.06844009451347936590e+01
  +1.07289055600866056750e+01
  +1.07664912057468047379e+01
  +1.08182574267525062339e+01
  +1.08651027856412056849e+01
  +1.09065533714239002450e+01
  +1.09553896351139190557e+01
  +1.09971662461135348821e+01
  +1.10490789953637396081e+01
  +1.11007160460072746844e+01
  +1.11468488493922670557e+01
  +1.11935292821295977461e+01
  +1.12443269531944682882e+01
  +1.12960990875649525123e+01
  +1.13475640432163906723e+01
  +1.13932437668876342940e+01
  +1.14436711369625410128e+01
  +1.14926535888181646783e+01
  +1.15359560019087741267e+01
  +1.15855509194824950470e+01
  +1.16318007677759460705e+01
  +1.16789563308087434024e+01
  +1.17263035912529520743e+01
  +1.17761496259998068581e+01
  +1.18235315512787924064e+01
  +1.18764972681171165902e+01
  +1.19203580561338409183e+01
  +1.19590242214663735609e+01
  +1.20120334868123883609e+01
  +1.20482932025884945659e+01
  +1.20861364648674616262e+01
  +1.21279963450365091404e+01
  +1.21646403257199260395e+01
  +1.22075357935155182076e+01
  +1.22513320505932910010e+01
  +1.22874480167605035774e+01
  +1.23249428544696648657e+01
</dep>
<dep Sopt frequency>
  -1.16833792805029715312e-01-j2.38515998190996954265e-02
  -1.15128219176851911976e-01-j2.50617502681499577932e-02
  -1.13923111523307030168e-01-j2.64416511333611971291e-02
  -1.13116152562962132833e-01-j2.79276818586244243714e-02
  -1.12486739824475850957e-01-j2.95122086651091984633e-02
  -1.12049957570512434546e-01-j3.11671558546673943546e-02
  -1.11719307347334831371e-01-j3.29000293515562258762e-02
  -1.11484337287369089653e-01-j3.46827282333752803800e-02
  -1.11293303145137315036e-01-j3.65102975628257553353e-02
  -1.11146022279942108257e-01-j3.83781437111206519264e-02
  -1.11010210947875859189e-01-j4.02795845828075455008e-02
  -1.10870164601367143797e-01-j4.21971682281384666280e-02
  -1.10740317876228858140e-01-j4.41433985087717542517e-02
  -1.10613982068449800966e-01-j4.61178883261371339031e-02
  -1.10464628094509575984e-01-j4.81072813474079444274e-02
  -1.10304674124700116677e-01-j5.01020245771492331310e-02
  -1.10130799187084044144e-01-j5.21200584641246869588e-02
  -1.09952729801272727772e-01-j5.41135462174462053553e-02
  -1.09748486168619957537e-01-j5.61403046620953458112e-02
  -1.09506255822807430089e-01-j5.81713674540875746999e-02
  -1.09242827338792869440e-01-j6.01916493453013290438e-02
  -1.08960441745091743404e-01-j6.21997723159222332123e-02
  -1.08690182706642199384e-01-j6.42626612018145776384e-02
  -1.08349947000953489296e-01-j6.62790754732317244358e-02
  -1.08023638462782206604e-01-j6.83094475544419876822e-02
  -1.07673336772805924855e-01-j7.03287584341061589033e-02
  -1.07276060485685401091e-01-j7.23227712651241111397e-02
  -1.06897007428120235928e-01-j7.43289117716230823829e-02
  -1.06478397396921831142e-01-j7.63461346690535724857e-02
  -1.06041610735726515857e-01-j7.83284159112303951522e-02
  -1.05571952240658947786e-01-j8.03126768454349437842e-02
  -1.05112611060705588018e-01-j8.22946639372411636870e-02
  -1.04599542877019321963e-01-j8.42585279802331721388e-02
  -1.04097127392577329386e-01-j8.62246218822783072611e-02
  -1.03562524712401779481e-01-j8.81796932730711802151e-02
  -1.03029622363515371841e-01-j9.01396086089532033725e-02
  -1.02490641409042113064e-01-j9.20926167924418920263e-02
  -1.01926293107201568211e-01-j9.40007772120898532631e-02
  -1.01350012020047716699e-01-j9.59077577693277921744e-02
  -1.00745816268790658321e-01-j9.78194046497138092189e-02
  -1.00148387472015265587e-01-j9.97008636360301181423e-02
  -9.95173277399856587300e-02-j1.01578902948803673212e-01
  -9.89020461994396388183e-02-j1.03447299406249179632e-01
  -9.82663197021931555941e-02-j1.05326197016752179381e-01
  -9.76068391287201880813e-02-j1.07156012490516816538e-01
  -9.69383182931724124431e-02-j1.08988747740196387226e-01
  -9.62880462652286467362e-02-j1.10849097526989834317e-01
  -9.56070862758646305979e-02-j1.12650022484541423307e-01
  -9.49214128364428560980e-02-j1.14450045011522644200e-01
  -9.42359356429679634326e-02-j1.16260466581969493238e-01
  -9.35596431207002393604e-02-j1.18021355251043930101e-01
  -9.28530751858767516849e-02-j1.19787984321892762574e-01
  -9.21572613077182439811e-02-j1.21537132023695468308e-01
  -9.14642300780253852954e-02-j1.23293905512189772011e-01
  -9.07357177346497234538e-02-j1.25016837826344623386e-01
  -9.00216454335861920866e-02-j1.26739929117121730151e-01
  -8.93244816880675446269e-02-j1.28470162522063641175e-01
  -8.86085979034109544328e-02-j1.30168325862809491911e-01
  -8.78780724856482176044e-02-j1.31892867991337314759e-01
  -8.71647558025523266911e-02-j1.33582411727542454960e-01
  -8.64559701685299886176e-02-j1.35268462013629658935e-01
  -8.57439620767124627276e-02-j1.36944870048403749552e-01
  -8.50368462678836867230e-02-j1.38618161810687090529e-01
  -8.43247034823671193227e-02-j1.40297605800468738746e-01
  -8.36186703291929567250e-02-j1.41970951726074628985e-01
  -8.29028531065111179421e-02-j1.43604626100835019997e-01
  -8.22099950276741348043e-02-j1.45263724011300304761e-01
  -8.14963800853952119452e-02-j1.46906146819854338537e-01
  -8.07938512521219343032e-02-j1.48577383974929366772e-01
  -8.00861612013104989805e-02-j1.50204131497494841607e-01
  -7.94013512180951064323e-02-j1.51877957533789798017e-01
  -7.86926541816293373399e-02-j1.53511939404818692489e-01
  -7.79968416914613160706e-02-j1.55165469644562015183e-01
  -7.73192059279109999981e-02-j1.56803158216328536456e-01
  -7.66257151386126045267e-02-j1.58464567676877027269e-01
  -7.59488397328699910149e-02-j1.60128006593174054828e-01
  -7.52748535483042102712e-02-j1.61775859111933595358e-01
  -7.45891066273118158447e-02-j1.63437916197673227536e-01
  -7.39101431827974136857e-02-j1.65098929016876810882e-01
  -7.32314241432119039654e-02-j1.66781185727209818603e-01
  -7.25653006813494899641e-02-j1.68445548968206570972e-01
  -7.18793410480244032712e-02-j1.70120359159631556745e-01
  -7.11910740189463930871e-02-j1.71802417480244828951e-01
  -7.05135698311483566370e-02-j1.73510074328346808326e-01
  -6.98485253758292096160e-02-j1.75210896315519532029e-01
  -6.91375697131400429596e-02-j1.76918009978819124051e-01
  -6.84556425857228145748e-02-j1.78671603274546841877e-01
  -6.77474929071003179049e-02-j1.80360626461959355771e-01
  -6.70780581282306720414e-02-j1.82126922301581534169e-01
  -6.63521952769416251128e-02-j1.83881893985570754602e-01
  -6.56367684743982410245e-02-j1.85659664188572132160e-01
  -6.49375382088318159335e-02-j1.87414752549640073465e-01
  -6.42178073160861451196e-02-j1.89202904759923434819e-01
  -6.34659211895049757413e-02-j1.90980911277185444463e-01
  -6.27273305835533978581e-02-j1.92774518971632724540e-01
  -6.19642193321719922383e-02-j1.94555555679758518384e-01
  -6.11967218904131554646e-02-j1.96381266512907992627e-01
  -6.04134097374086492804e-02-j1.98193997546707439961e-01
  -5.96087548886617552002e-02-j1.99989371155349399123e-01
  -5.87897374972278091709e-02-j2.01846253507160705576e-01
  -5.79771020685844323816e-02-j2.03714270991980056502e-01
  -5.71181215063464170489e-02-j2.05596489539534577062e-01
  -5.62647060017734540471e-02-j2.07435707746629949266e-01
  -5.53827059981939762157e-02-j2.09314869270159686909e-01
  -5.45248837794516591493e-02-j2.11206409022811292253e-01
  -5.36175217099955706002e-02-j2.13059497682985127254e-01
  -5.26675547473549124367e-02-j2.14921621398355633392e-01
  -5.17442794230128580435e-02-j2.16809384082739392552e-01
  -5.07520712057739908918e-02-j2.18690280664495056984e-01
  -4.97712987975308662758e-02-j2.20530907653131491575e-01
  -4.87619353420037301983e-02-j2.22420368740339519098e-01
  -4.77036086574904177882e-02-j2.24271073720923364014e-01
  -4.66304571163150480273e-02-j2.26168141021184931905e-01
  -4.55435397241186271100e-02-j2.28068242931540182683e-01
  -4.44572069661826399511e-02-j2.29930196898841032738e-01
  -4.33165962620801481275e-02-j2.31788401520887088481e-01
  -4.21445815460639167105e-02-j2.33689188619658455570e-01
  -4.10155304724831165641e-02-j2.35537907576790300768e-01
  -3.98314020061769843983e-02-j2.37406270852558221041e-01
  -3.86178532993598569445e-02-j2.39220043003521537495e-01
  -3.73745670655422981832e-02-j2.41016424925169669979e-01
  -3.61442986964831541874e-02-j2.42840466721489955937e-01
  -3.48502136014898142302e-02-j2.44584726295293458653e-01
  -3.35177875868795382974e-02-j2.46328938634977179234e-01
  -3.21765213252989540349e-02-j2.48105794832185422294e-01
  -3.08072792134032429068e-02-j2.49860000246975272331e-01
  -2.94249908612801494567e-02-j2.51601438446656333614e-01
  -2.80404200579890128253e-02-j2.53354793318099180688e-01
  -2.66442149051637454382e-02-j2.55077281131920130530e-01
  -2.52086086657588685778e-02-j2.56825261965281492760e-01
  -2.37800088377918689142e-02-j2.58453512655857198244e-01
  -2.23286827228758484598e-02-j2.60098963045866826693e-01
  -2.08667205308777983785e-02-j2.61721728922002516704e-01
  -1.93854583090811508073e-02-j2.63306603656073279218e-01
  -1.78471692504823462033e-02-j2.64829220081100547013e-01
  -1.63637219535602701503e-02-j2.66377706434689942583e-01
  -1.48073347352775993441e-02-j2.67850361076098497648e-01
  -1.32421362926675913879e-02-j2.69370305893374240025e-01
  -1.16331272824684150285e-02-j2.70891229894382246091e-01
  -1.00599997415462619199e-02-j2.72318366041113091303e-01
  -8.45364321061299779647e-03-j2.73784341316244406173e-01
</dep>
<dep F frequency>
  +9.58353918042363694951e+00
  +9.43110785052039268805e+00
  +9.33151937461933123075e+00
  +9.26993762640709562106e+00
  +9.22849660609796806909e+00
  +9.20490817462225763279e+00
  +9.19328264459708144329e+00
  +9.18951446445577602162e+00
  +9.19387471564031422133e+00
  +9.20196713868730853392e+00
  +9.21232744876713027793e+00
  +9.22458578366159365203e+00
  +9.23921653874620396607e+00
  +9.25534242739958656898e+00
  +9.27151164216875400825e+00
  +9.28901464845189117625e+00
  +9.30703581933982881935e+00
  +9.32761861583210993842e+00
  +9.34380702578471478148e+00
  +9.35940183195400443594e+00
  +9.37440298519948633782e+00
  +9.38983923781371743189e+00
  +9.40798369129177203263e+00
  +9.41958833186728305975e+00
  +9.43566801479651751094e+00
  +9.44964000615041577191e+00
  +9.46075671592758205009e+00
  +9.47500599966928724882e+00
  +9.48845543550790182508e+00
  +9.50124076807506412479e+00
  +9.51052960796799062848e+00
  +9.52370348401559319029e+00
  +9.53331932920085023397e+00
  +9.54336955298192179953e+00
  +9.55454260130370869319e+00
  +9.56580734935875653946e+00
  +9.57679921239481757311e+00
  +9.58540217304917696595e+00
  +9.59449172394113425355e+00
  +9.60399409713718021919e+00
  +9.61295880381307021878e+00
  +9.61973667881720118089e+00
  +9.63036779714717106060e+00
  +9.63910320583288182661e+00
  +9.64939457411573542345e+00
  +9.65599817159327322713e+00
  +9.66842802050213556697e+00
  +9.67444436218559822294e+00
  +9.68299406115920824334e+00
  +9.69511771847138881242e+00
  +9.70319708763724086964e+00
  +9.71188791164953713064e+00
  +9.72261681524142318267e+00
  +9.73318845280786248964e+00
  +9.74235188304618304755e+00
  +9.75113615081023610287e+00
  +9.76355718560955665453e+00
  +9.77349570051868532516e+00
  +9.78637517662547828934e+00
  +9.79740306369362023986e+00
  +9.80869475725842754343e+00
  +9.82298231709189018090e+00
  +9.83543397543393282945e+00
  +9.85078689031703902401e+00
  +9.86808195535167165247e+00
  +9.87912619462172081342e+00
  +9.89705578848326261721e+00
  +9.91252576981574407000e+00
  +9.93309058066825478761e+00
  +9.94750746921281425728e+00
  +9.97050516478043391544e+00
  +9.98771407536149169459e+00
  +1.00085849794456329676e+01
  +1.00301025314369134378e+01
  +1.00506775327533386388e+01
  +1.00773964125007839954e+01
  +1.00994864517364018042e+01
  +1.01249399787879905688e+01
  +1.01513994053507747850e+01
  +1.01796814213401809468e+01
  +1.02064723433033552880e+01
  +1.02351286842938211663e+01
  +1.02640990654453947428e+01
  +1.02967387615835974657e+01
  +1.03286852672380700113e+01
  +1.03623305181914453499e+01
  +1.04010210406980441178e+01
  +1.04288162296782509486e+01
  +1.04708839526169086298e+01
  +1.05072342244374095088e+01
  +1.05489977245796584526e+01
  +1.05886930634126965600e+01
  +1.06300410408336301060e+01
  +1.06719525008295299529e+01
  +1.07154536960681223690e+01
  +1.07580194792986123531e+01
  +1.08080246591257314037e+01
  +1.08544154462303232833e+01
  +1.08958780990470955885e+01
  +1.09456152796582539821e+01
  +1.09979221072464454778e+01
  +1.10495181325387950011e+01
  +1.11013830378980866698e+01
  +1.11564189056006952683e+01
  +1.12138943067602436798e+01
  +1.12687099705126545501e+01
  +1.13164233721797735654e+01
  +1.13793987094122588388e+01
  +1.14372724363091471389e+01
  +1.14894576564154249354e+01
  +1.15498456291022577602e+01
  +1.16027182571172353676e+01
  +1.16667312828459266427e+01
  +1.17306741319780503119e+01
  +1.17887989902715411006e+01
  +1.18476311376774958717e+01
  +1.19112582573721699220e+01
  +1.19758859813866074262e+01
  +1.20404763919964494789e+01
  +1.20987888565366414895e+01
  +1.21622301083524799736e+01
  +1.22245503144701981313e+01
  +1.22804823195494776655e+01
  +1.23433007322283483376e+01
  +1.24029890040877699420e+01
  +1.24637029780982082627e+01
  +1.25247603204900670448e+01
  +1.25888066074035478437e+01
  +1.26502390969871996163e+01
  +1.27180445874527432437e+01
  +1.27755009994482904290e+01
  +1.28277179320772898308e+01
  +1.28953890311649566058e+01
  +1.29450154419517193816e+01
  +1.29960677261486203804e+01
  +1.30518785885071277875e+01
  +1.31016858337555763825e+01
  +1.31588037851776835652e+01
  +1.32171196413956835158e+01
  +1.32666530931841482044e+01
  +1.33181867725942968406e+01
</dep>
<dep S[1,1] frequency>
  -1.85248438750016536369e-01+j6.79860773156786557525e-02
  -1.79019837261063047285e-01+j7.01224084662911140153e-02
  -1.73164328757746927012e-01+j7.13636898404375052962e-02
  -1.68595598000062102395e-01+j7.12802909953421104383e-02
  -1.64438487002649402768e-01+j7.09457857236219097130e-02
  -1.61612499769797524074e-01+j7.01317606821138250783e-02
  -1.59585014666277086315e-01+j6.96319243160731515818e-02
  -1.58677671592771685205e-01+j6.93552917941766822185e-02
  -1.58020609760709335179e-01+j6.93524445843520798149e-02
  -1.58002857807808816393e-01+j6.98736432157312514768e-02
  -1.58164213838453054928e-01+j7.09136619696834336057e-02
  -1.58259100468567476261e-01+j7.21901634932604341355e-02
  -1.58483297594767008620e-01+j7.38818691931373006110e-02
  -1.58768085066660041837e-01+j7.59723689761436643542e-02
  -1.58834015998695621263e-01+j7.83499284198828915837e-02
  -1.58727953146419908936e-01+j8.07497360756173759855e-02
  -1.58536915677959966420e-01+j8.34529634770068695637e-02
  -1.58203673653897147755e-01+j8.57159983263434538392e-02
  -1.57939999872065195419e-01+j8.86701240534801260473e-02
  -1.57357938423973636732e-01+j9.17108491813388992941e-02
  -1.56644111375296296584e-01+j9.46253651177419718987e-02
  -1.55776757647294955555e-01+j9.73410064830774468536e-02
  -1.55023742025208438600e-01+j1.00630273869090319794e-01
  -1.53934593916207063113e-01+j1.03645241680399666229e-01
  -1.52849818716389279638e-01+j1.06608932945043005658e-01
  -1.51744446712235359076e-01+j1.09524724463595179991e-01
  -1.50342786814803952566e-01+j1.12288746303083566969e-01
  -1.49120979033680683967e-01+j1.15039389549998885554e-01
  -1.47587662343041381430e-01+j1.17959513482640263038e-01
  -1.46007876173671113929e-01+j1.20519870475664883647e-01
  -1.44340368541186564455e-01+j1.23292302240884721343e-01
  -1.42718644531035859790e-01+j1.25853871370590147949e-01
  -1.40786497603439364479e-01+j1.28406409233697782479e-01
  -1.39066423586305470961e-01+j1.30985429099993000435e-01
  -1.37056239250543554498e-01+j1.33386464261910309137e-01
  -1.35177823954847675658e-01+j1.35863937102746162866e-01
  -1.33355805653037146064e-01+j1.38287579525441600703e-01
  -1.31468040642834349541e-01+j1.40384573048036309650e-01
  -1.29537089220757017927e-01+j1.42459510128734700984e-01
  -1.27385772325357388146e-01+j1.44591332041272863096e-01
  -1.25452958720240814738e-01+j1.46458094070095357075e-01
  -1.23313701281992191272e-01+j1.48425792776979564858e-01
  -1.21355855809475970952e-01+j1.50122358123581628453e-01
  -1.19304978676606665555e-01+j1.52065807489450477430e-01
  -1.17113461272118732359e-01+j1.53436671198813823214e-01
  -1.14987248061778124519e-01+j1.55070398674392012639e-01
  -1.13040556598573385672e-01+j1.56732158515659691922e-01
  -1.10987014512575365988e-01+j1.58139235911069264695e-01
  -1.08937442248055807448e-01+j1.59440759958761363313e-01
  -1.06948385921013522371e-01+j1.60715576218810080045e-01
  -1.05215637721817523165e-01+j1.61740385585885632080e-01
  -1.03233923601208102405e-01+j1.62817476381982878531e-01
  -1.01455346132821949690e-01+j1.63675763930282963665e-01
  -9.97824708490718942366e-02+j1.64671043551873702571e-01
  -9.78519374601733715746e-02+j1.65419914799204509359e-01
  -9.61579815192513120969e-02+j1.66241953972178946319e-01
  -9.47117349945818809420e-02+j1.67055414155721421166e-01
  -9.31717237197984826658e-02+j1.67683743476177593568e-01
  -9.15538940462032047041e-02+j1.68500088698228411843e-01
  -9.02001193514519739036e-02+j1.69121146233574159989e-01
  -8.89638958343440811039e-02+j1.69745466270384143259e-01
  -8.77749982843350068373e-02+j1.70228599968853921975e-01
  -8.67010190287103021944e-02+j1.70805621389513856423e-01
  -8.56540406364333234412e-02+j1.71384210945266651782e-01
  -8.47423697993071600720e-02+j1.71937567292273246755e-01
  -8.37930404788401472782e-02+j1.72341574693934518336e-01
  -8.31290378851741035282e-02+j1.72864075427424435105e-01
  -8.23347120900272538835e-02+j1.73347897769421999126e-01
  -8.17076517516413525222e-02+j1.74037755896920082188e-01
  -8.10831514963459010215e-02+j1.74529367092242204684e-01
  -8.07328862706117589276e-02+j1.75321965542358959578e-01
  -8.01946574296696496065e-02+j1.75919197392643805733e-01
  -7.98329057635628752676e-02+j1.76689663877394376179e-01
  -7.96633185719411024417e-02+j1.77372332633938090130e-01
  -7.94140159754646440815e-02+j1.78328679771714126989e-01
  -7.93272271699136527490e-02+j1.79247804060142096327e-01
  -7.92981950369654464694e-02+j1.80171793789158235510e-01
  -7.91965533784085712332e-02+j1.81207322913668505970e-01
  -7.91829842910088677055e-02+j1.82269214488541303476e-01
  -7.91940534256080908015e-02+j1.83526153049141715901e-01
  -7.93193602344893083922e-02+j1.84709405504425383526e-01
  -7.93173607383169665397e-02+j1.85981127401181389747e-01
  -7.93146789344967156898e-02+j1.87357242138510099450e-01
  -7.93976532673658502715e-02+j1.88911313720824591833e-01
  -7.95811592440783116542e-02+j1.90459083621567271116e-01
  -7.94527954108807110689e-02+j1.92062291889565750491e-01
  -7.95120961311732571408e-02+j1.93976350871848279844e-01
  -7.94855879001845760934e-02+j1.95555925695813787035e-01
  -7.96178176333902642980e-02+j1.97561636667040851911e-01
  -7.94493884362176550074e-02+j1.99560307046033724721e-01
  -7.93133829376366367159e-02+j2.01664617686554720200e-01
  -7.93066356079203255147e-02+j2.03650702209453332570e-01
  -7.91853230312047212669e-02+j2.05849518152165011919e-01
  -7.88727950584410669732e-02+j2.07990773079078400398e-01
  -7.86433287478729148301e-02+j2.10211986902684999645e-01
  -7.82901579942722192218e-02+j2.12367971411035888485e-01
  -7.78724904017691482716e-02+j2.14729405144833768171e-01
  -7.74202328282627139089e-02+j2.17050303547866918485e-01
  -7.68959541750649372416e-02+j2.19304097715008056158e-01
  -7.62624556092167810162e-02+j2.21838790877709801652e-01
  -7.56643880275240515720e-02+j2.24401245162650864184e-01
  -7.48565970557624749127e-02+j2.27033380466623219140e-01
  -7.40907982398614911590e-02+j2.29425949065272194449e-01
  -7.31895795261311571389e-02+j2.31992959869465248390e-01
  -7.24177326905553059300e-02+j2.34585250273313006275e-01
  -7.14489664418324205153e-02+j2.37002447089606244068e-01
  -7.03682510752677570220e-02+j2.39543279992777219389e-01
  -6.93312509530597392837e-02+j2.42039255551349585804e-01
  -6.80444422620036792893e-02+j2.44547648909185094679e-01
  -6.68846335348377979413e-02+j2.46920681756346793723e-01
  -6.55791020267446761460e-02+j2.49436026130888000019e-01
  -6.41439621677355603646e-02+j2.51857597754980622184e-01
  -6.26035554139925953798e-02+j2.54354013977938608893e-01
  -6.10582344327001910744e-02+j2.56866890963712846130e-01
  -5.95815095787383050552e-02+j2.59263856161232930653e-01
  -5.79195739484060084790e-02+j2.61651750976908015200e-01
  -5.61469348312104155063e-02+j2.64169234737877456354e-01
  -5.45864655382204758127e-02+j2.66441090328721541525e-01
  -5.28347691649576484130e-02+j2.68798670123233385265e-01
  -5.10538329506802016078e-02+j2.71018181876366226479e-01
  -4.91706167261262844237e-02+j2.73111613424188492960e-01
  -4.73744422591005631684e-02+j2.75324731513080622758e-01
  -4.54051688337590297895e-02+j2.77311903852121344194e-01
  -4.33059802170819851952e-02+j2.79243511849816494763e-01
  -4.12301660724588014961e-02+j2.81341202986139682363e-01
  -3.90914578456981673393e-02+j2.83345529464037904077e-01
  -3.69428141412491278794e-02+j2.85314633169265474688e-01
  -3.48222192436794461545e-02+j2.87301661470231617379e-01
  -3.27077783152270387679e-02+j2.89223222869042062566e-01
  -3.04766328065013795967e-02+j2.91177608602622428613e-01
  -2.83249257106657562066e-02+j2.92838452360495826721e-01
  -2.61454375212831421904e-02+j2.94615493300863007242e-01
  -2.39482663061930493853e-02+j2.96174715361784524070e-01
  -2.17321352068457276929e-02+j2.97796045556249389108e-01
  -1.93548477312949496199e-02+j2.99217550618333438806e-01
  -1.71914816836211230278e-02+j3.00694205288934091058e-01
  -1.48210665049253627334e-02+j3.01989559268138030301e-01
  -1.24496689457298768955e-02+j3.03403711491751992835e-01
  -9.97142298875164367900e-03+j3.04813213350111300581e-01
  -7.64086491034519140614e-03+j3.06033333169308363608e-01
  -5.23209775438536299486e-03+j3.07377086123374998472e-01
</dep>
<dep S[1,2] frequency>
  -3.17691888305757176494e-04+j1.69901856311328869342e-03
  -7.80387999438914692742e-05+j2.03471824299592332630e-03
  +1.31615123829714188945e-04+j2.27655918138977867923e-03
  +4.75211671614434111657e-04+j2.46967425056451644547e-03
  +7.49578050238491845267e-04+j2.59737734931534715310e-03
  +1.09487396695360020282e-03+j2.67527132153617952515e-03
  +1.37699929822047875509e-03+j2.68987183394999275834e-03
  +1.70939739767335245092e-03+j2.66206492949842051660e-03
  +1.94657769954637016596e-03+j2.60328780718479917133e-03
  +2.20573235644905231087e-03+j2.51630388303218871862e-03
  +2.43768754786486980396e-03+j2.41158636139663946213e-03
  +2.60496532785639859850e-03+j2.31246237092939998028e-03
  +2.76524168181141883488e-03+j2.19535783743762379777e-03
  +2.95728812410459744944e-03+j2.06684605627483744192e-03
  +3.09223572076451798385e-03+j1.93018182257149052000e-03
  +3.22354941027026484224e-03+j1.84467196056162328205e-03
  +3.37173803160455316796e-03+j1.68776773050993483469e-03
  +3.41379889684736634314e-03+j1.60822888846857232556e-03
  +3.55325388692492903989e-03+j1.52403183946980542822e-03
  +3.64093208718036008900e-03+j1.38522939665618335069e-03
  +3.71836488961494165267e-03+j1.27976718775857888077e-03
  +3.77941238643112516898e-03+j1.19787288610666308765e-03
  +3.90236543592809318956e-03+j1.08546510854799467885e-03
  +3.98579166265027821231e-03+j9.44798050731258443925e-04
  +4.06405298576629180063e-03+j8.61378944620350465132e-04
  +4.14902125921387619073e-03+j7.43955616264162450726e-04
  +4.21830819816582970605e-03+j6.35375506820007058401e-04
  +4.29395960024805522365e-03+j5.46381839383728510999e-04
  +4.39653811096322837126e-03+j4.09226625885879150089e-04
  +4.43953716965241398928e-03+j3.04542109942289903734e-04
  +4.52308147648619943149e-03+j1.77783639549736915313e-04
  +4.59747963836291441420e-03+j8.85705649976917670481e-05
  +4.64398700655453862407e-03-j7.97217158366071579692e-05
  +4.71374015817091138181e-03-j1.91838144930480894315e-04
  +4.76587608025424991354e-03-j3.36419196475826675578e-04
  +4.83816550104682486372e-03-j4.70539472347776359645e-04
  +4.92173824367000099789e-03-j6.05128442913731973661e-04
  +4.95328305469046412807e-03-j7.34877674923533610526e-04
  +5.00172140903071792140e-03-j8.82645411974627199653e-04
  +5.06657295805526281668e-03-j1.04979446142885036834e-03
  +5.09561484592285438011e-03-j1.18139744308356792885e-03
  +5.15837320746286628198e-03-j1.34906274687156811122e-03
  +5.18553003956747412401e-03-j1.52098890752813773602e-03
  +5.25810436071572160494e-03-j1.64419182112431560248e-03
  +5.23879270821600139668e-03-j1.86153296125189508282e-03
  +5.26921184014098129694e-03-j2.05416658918530043929e-03
  +5.30646288200670515622e-03-j2.20828911200662445988e-03
  +5.31828818207635053289e-03-j2.40163727653409236895e-03
  +5.33704201035935070496e-03-j2.60052728875995913319e-03
  +5.36062240043978614767e-03-j2.80324601571933828062e-03
  +5.30682186368236410295e-03-j2.97962024970754467065e-03
  +5.32450725303762126273e-03-j3.20297183622587650770e-03
  +5.27708292106946873917e-03-j3.41627285708615870130e-03
  +5.25397493626602631045e-03-j3.58574520936240023761e-03
  +5.23205110700208746166e-03-j3.84615713625594208072e-03
  +5.19960120933483319755e-03-j4.04104729633407346728e-03
  +5.11148547775202525406e-03-j4.24208619772384245422e-03
  +5.03804302183711531088e-03-j4.46641689943179810013e-03
  +4.98836797636082341506e-03-j4.67741616696310501256e-03
  +4.90854465235625661568e-03-j4.91158426755991875390e-03
  +4.80529471108226240161e-03-j5.09338920904998243566e-03
  +4.66602067506911421385e-03-j5.31898151574932906427e-03
  +4.56422525355055976742e-03-j5.52289016593702618979e-03
  +4.44426705256357069268e-03-j5.72271542027113274548e-03
  +4.29557101286401430557e-03-j5.91802078603798770162e-03
  +4.16647050519718554346e-03-j6.16100616178716538329e-03
  +3.98171406843778399876e-03-j6.35215087324013123055e-03
  +3.82141502245056689444e-03-j6.56101371357334720025e-03
  +3.66959400027399998759e-03-j6.74794852139519885786e-03
  +3.47019658980524461911e-03-j6.94858650916474560738e-03
  +3.24525362762866477831e-03-j7.05974275727510886674e-03
  +3.07450562771170938028e-03-j7.28027490730923185908e-03
  +2.86311798007727420431e-03-j7.43871673556870376814e-03
  +2.61651195858155502863e-03-j7.60027779886623868627e-03
  +2.38366272272790263170e-03-j7.71330785326702992460e-03
  +2.16116297285148979690e-03-j7.85277595689676602420e-03
  +1.89474505986428408237e-03-j7.97461020154923219683e-03
  +1.65272589950398677422e-03-j8.11003373899613771991e-03
  +1.39833603022433911392e-03-j8.21841673436639157113e-03
  +1.13107502736558033704e-03-j8.29629706859238459649e-03
  +8.46743198175162106039e-04-j8.38355137076199873059e-03
  +5.88103482013312920534e-04-j8.46436588263877430494e-03
  +3.15182439096247594534e-04-j8.53879205907704871836e-03
  +2.74076901465580124041e-05-j8.58498815019379836466e-03
  -2.79095770464732307291e-04-j8.62558678914591980824e-03
  -5.26046083287165749769e-04-j8.66580830915166661077e-03
  -8.18378667168236269280e-04-j8.67224513840740736381e-03
  -1.07496643739712254353e-03-j8.69806457780241890076e-03
  -1.40151940436581703107e-03-j8.68625694315780169652e-03
  -1.64588864737243720585e-03-j8.65586101334473063951e-03
  -1.93286574458777964461e-03-j8.62713395258511012154e-03
  -2.21570899587941912146e-03-j8.63032846522118410326e-03
  -2.48141700393164979510e-03-j8.57402953847310848878e-03
  -2.73246799792093049419e-03-j8.50400503171132478297e-03
  -3.02033174048974223727e-03-j8.43284229049358173558e-03
  -3.27809738682840762919e-03-j8.39041247697147087037e-03
  -3.52139151564021500584e-03-j8.30599978639393402013e-03
  -3.77646832721559603738e-03-j8.20938719175332010103e-03
  -4.03835992536813979947e-03-j8.17496142508784134906e-03
  -4.31931042024944009811e-03-j8.03111566965883545699e-03
  -4.53790679890557144271e-03-j7.91905056538541769762e-03
  -4.78737408684631621930e-03-j7.76047368719514837898e-03
  -5.01471520486440787423e-03-j7.68295549090586629704e-03
  -5.24635319250528302237e-03-j7.52585080426726275860e-03
  -5.48235841188680038394e-03-j7.40438624745194933635e-03
  -5.70357965964861986924e-03-j7.28203691649929960722e-03
  -5.91432169315904161105e-03-j7.11225730223317802181e-03
  -6.11781417701081405708e-03-j6.97072926101738928745e-03
  -6.33266946361397617404e-03-j6.78357262687255286454e-03
  -6.53642296332855848168e-03-j6.65878658971875113382e-03
  -6.75066319078185175101e-03-j6.46406218769023099835e-03
  -6.90860292736660084462e-03-j6.30971484579830651368e-03
  -7.10949942273936263959e-03-j6.12019532191219930300e-03
  -7.27102049135238716338e-03-j5.93532748366084033503e-03
  -7.47165444188909247392e-03-j5.78109620653488413822e-03
  -7.60612194194154773996e-03-j5.59672112391387116537e-03
  -7.75501635078549699659e-03-j5.35213371673350177954e-03
  -7.94025591404802499884e-03-j5.17599252282175889550e-03
  -8.12111705817647293315e-03-j4.97909262467984264217e-03
  -8.23555680319626448593e-03-j4.77328527292117475028e-03
  -8.37728684651195196209e-03-j4.56073817982867793508e-03
  -8.56975952138853795670e-03-j4.36397398422595696882e-03
  -8.68766976996731415950e-03-j4.17831825863813118710e-03
  -8.80086891165085712097e-03-j3.96862364868987450156e-03
  -8.92824374907695388071e-03-j3.75485609566787075300e-03
  -9.05926253890608317032e-03-j3.51538006135503197300e-03
  -9.16978553529322615301e-03-j3.31298138928257058719e-03
  -9.29960096890295080663e-03-j3.09911330337399705884e-03
  -9.40890317996465226635e-03-j2.87060931927534323735e-03
  -9.53281538931304017748e-03-j2.62522213475912787398e-03
  -9.59300758092217382977e-03-j2.43088799093516645319e-03
  -9.69638999805968147816e-03-j2.16894707084815769813e-03
  -9.79059022691546911032e-03-j1.93121631815205041689e-03
  -9.89248339817586606892e-03-j1.69252068748084578097e-03
  -9.95718579986429666584e-03-j1.41356756045631732840e-03
  -1.00464325082279173212e-02-j1.21079342214513692791e-03
  -1.01236407964716904062e-02-j9.35645652074143410575e-04
  -1.01804330541607999938e-02-j7.20797119904440669082e-04
  -1.02950655337897337138e-02-j4.35131471045689655324e-04
  -1.03292806201438630564e-02-j1.83305449227416720733e-04
  -1.03682572534542355447e-02+j7.57370963215146851630e-05
</dep>
<dep S[2,1] frequency>
  -6.86789332876688862761e-01-j7.25781586763936004125e-01
  -8.62759593448630179857e-01-j6.80057506757209218051e-01
  -1.02412639748805944784e+00-j5.92262719825864425438e-01
  -1.15567751969528331735e+00-j4.69702858661397881779e-01
  -1.25753221959853433987e+00-j3.23168813049747316590e-01
  -1.32183506618260682153e+00-j1.64006435626291913188e-01
  -1.35134533331769501885e+00-j6.86774580046735534655e-03
  -1.35274703911604432527e+00+j1.44706009370910687606e-01
  -1.32818094697821686978e+00+j2.83934096151334247615e-01
  -1.28790108488360033334e+00+j4.06989134304713617851e-01
  -1.23702640131485686048e+00+j5.15643722784029923112e-01
  -1.17798331877579665061e+00+j6.11759551481513952353e-01
  -1.11363500625970823776e+00+j6.93271844955382299247e-01
  -1.04552466936050292290e+00+j7.64097420181549691343e-01
  -9.78467243711862111333e-01+j8.22997198180220435049e-01
  -9.08894296262074519177e-01+j8.74639604327313691101e-01
  -8.39814128802331305579e-01+j9.18075947716482265726e-01
  -7.73215132461093967997e-01+j9.50594501825115067994e-01
  -7.10088787579853386589e-01+j9.81488074208056171521e-01
  -6.49129312519819312577e-01+j1.00725835555565734758e+00
  -5.88296321629508400797e-01+j1.03004907628206043846e+00
  -5.26926683074214641245e-01+j1.04923465379251368290e+00
  -4.68802845339012119741e-01+j1.06120180969055200038e+00
  -4.13439407436028028009e-01+j1.07506355284627019842e+00
  -3.57970326711941733144e-01+j1.08260610186015138190e+00
  -3.02252124979764724699e-01+j1.08947217311681110452e+00
  -2.49173393582147850722e-01+j1.09535238271001755805e+00
  -1.95179801460414442671e-01+j1.09666534872595455852e+00
  -1.43845905285452074773e-01+j1.09590979178970759911e+00
  -9.28610420877282183305e-02+j1.09344415457402077685e+00
  -4.28935303938575984706e-02+j1.09127551487255614049e+00
  +5.03963734818729629239e-03+j1.08416579123901479775e+00
  +5.25782187883095109004e-02+j1.07755288743235055904e+00
  +1.00270993593909910069e-01+j1.06861553493894501088e+00
  +1.46078062887818910243e-01+j1.05709624966732307350e+00
  +1.90713074778604579906e-01+j1.04374295039982034616e+00
  +2.33788695184537625993e-01+j1.02907912924102484808e+00
  +2.77146597054922283476e-01+j1.01384596895245104875e+00
  +3.19206002753195550170e-01+j9.96728670866069199619e-01
  +3.59541494701773323150e-01+j9.77940023406773994985e-01
  +4.00836393680093383551e-01+j9.57142714591047050199e-01
  +4.41211451590420522528e-01+j9.36085233823654605523e-01
  +4.78925195593191688204e-01+j9.11554817783190807212e-01
  +5.14544620474667646626e-01+j8.87482859886225439183e-01
  +5.49846613093708191933e-01+j8.60367561229829047598e-01
  +5.84458464966447044375e-01+j8.34135732548810016063e-01
  +6.15866820026025996171e-01+j8.03929155288406915858e-01
  +6.48143188381966384171e-01+j7.75362335791378587402e-01
  +6.78266086162103265522e-01+j7.44409039665894778359e-01
  +7.05864580565528254574e-01+j7.10647224744610062075e-01
  +7.34066392021019420433e-01+j6.76834063822295051160e-01
  +7.60008348401324140831e-01+j6.42276704896920569432e-01
  +7.84193134767405930496e-01+j6.05259191779643379583e-01
  +8.05805154321328265254e-01+j5.68794368564194741111e-01
  +8.26895944160340179430e-01+j5.31262416658219049914e-01
  +8.46037006309630190692e-01+j4.93913126412082847949e-01
  +8.62514658150787316693e-01+j4.53796527300680152539e-01
  +8.78022376818731964399e-01+j4.14510513603854435782e-01
  +8.90113489143864122788e-01+j3.75131016772523584457e-01
  +9.02142840688694547246e-01+j3.33574326576649538012e-01
  +9.11772488493105326413e-01+j2.93140430622374048575e-01
  +9.18349308223334048762e-01+j2.51895640442537316339e-01
  +9.24143639297041241676e-01+j2.10316479372518211344e-01
  +9.26555852760042375493e-01+j1.70271345460990319864e-01
  +9.26791410977403584681e-01+j1.27842419771888621272e-01
  +9.27973901902483411241e-01+j8.68876510202493401724e-02
  +9.24376953845505222596e-01+j4.58676323252876147474e-02
  +9.20217769293227072502e-01+j6.07673046828265377844e-03
  +9.12273485776367021316e-01-j3.41253741655046377579e-02
  +9.05400239008220752979e-01-j7.30372969964252355402e-02
  +8.93529233853832649537e-01-j1.10701047647317807332e-01
  +8.82528170853394633433e-01-j1.48402944017735766158e-01
  +8.68765924201168826535e-01-j1.84639398762128786879e-01
  +8.53346855438807505578e-01-j2.20423440235577527968e-01
  +8.37255345027282937842e-01-j2.54491782415801059969e-01
  +8.17694435256842933057e-01-j2.87355214394470703798e-01
  +7.98499451014957895012e-01-j3.20096762603230944322e-01
  +7.77377862224378324285e-01-j3.50698129345007936220e-01
  +7.55030902207966314599e-01-j3.79968679110174900604e-01
  +7.31709667084953885308e-01-j4.07037738757811906609e-01
  +7.07531803269060510786e-01-j4.34130893562527486740e-01
  +6.82727994132897975099e-01-j4.58696016179712451333e-01
  +6.56748367288692569410e-01-j4.82713249565638213845e-01
  +6.29906180707122453910e-01-j5.04056123316054760508e-01
  +6.02390985577971660447e-01-j5.24819252928060531183e-01
  +5.75067638239895151386e-01-j5.42936721001403999054e-01
  +5.46353811495676078280e-01-j5.59105695483976372628e-01
  +5.19217080822908627624e-01-j5.76351162015833029528e-01
  +4.89755025701247848069e-01-j5.89402446607892982477e-01
  +4.61332531143654411832e-01-j6.02223198439372331414e-01
  +4.32390237464992943650e-01-j6.12686329668947204929e-01
  +4.03141959830209506421e-01-j6.22897046680749522096e-01
  +3.74798795135843687554e-01-j6.31007703487176607737e-01
  +3.46401730981195310477e-01-j6.38072638559407878667e-01
  +3.17879535282187430933e-01-j6.43905729109124469467e-01
  +2.90045915609680404756e-01-j6.48720729451821909173e-01
  +2.61977859651657152273e-01-j6.51193914220792091641e-01
  +2.35119048445909223366e-01-j6.53186158776318359642e-01
  +2.08409913830476883900e-01-j6.55362663780131082802e-01
  +1.82468857257264444049e-01-j6.54957063043863252361e-01
  +1.56356974158364581129e-01-j6.53498815166334456883e-01
  +1.31204328876174419749e-01-j6.51293688567302742065e-01
  +1.06375468129048120214e-01-j6.48371976874368982635e-01
  +8.22911653641053980612e-02-j6.44236472232000090266e-01
  +5.83138043087034277367e-02-j6.39154247006756492944e-01
  +3.56624191293810066661e-02-j6.33791077221996457247e-01
  +1.29990803688403693678e-02-j6.28856080514829218764e-01
  -9.23398457288346005689e-03-j6.21224403381045342520e-01
  -2.99247542491679688337e-02-j6.13812037187012715655e-01
  -5.08169409412077832666e-02-j6.06598520041463529218e-01
  -7.03734580796491759891e-02-j5.97940613301910173227e-01
  -8.96514683300783654651e-02-j5.89718891885075646719e-01
  -1.07963964768471587519e-01-j5.79890866552556061286e-01
  -1.25928868732475246484e-01-j5.69662354110058388734e-01
  -1.43303993344537639043e-01-j5.59772538951290976605e-01
  -1.60182034591727251449e-01-j5.49427674623384487695e-01
  -1.75784137337827356395e-01-j5.38497820220592449125e-01
  -1.91412274503976714835e-01-j5.27017124043191897975e-01
  -2.06590036379390579180e-01-j5.15276424601533888925e-01
  -2.21040546024774325895e-01-j5.03935199190323257490e-01
  -2.34972607109036280004e-01-j4.91848647314225284610e-01
  -2.48115824569330956084e-01-j4.79822143167606129932e-01
  -2.61159110473954902965e-01-j4.67962903112407679895e-01
  -2.73466639849374026916e-01-j4.55346320885215316565e-01
  -2.85132615156386881594e-01-j4.42942297965949360883e-01
  -2.96085488108788874584e-01-j4.30458933127280896080e-01
  -3.06896971659734119076e-01-j4.17551953979978407450e-01
  -3.16843865957283310486e-01-j4.04533180227277300300e-01
  -3.26598153850638728279e-01-j3.91393245960203361999e-01
  -3.35075449673109815318e-01-j3.78293472973040778573e-01
  -3.44288766290473224885e-01-j3.64961620362005578766e-01
  -3.53030621028061597499e-01-j3.52030253097500911430e-01
  -3.60899114561496758835e-01-j3.37941768127243857833e-01
  -3.68612654198533118421e-01-j3.25191029522584662548e-01
  -3.75997063702476097546e-01-j3.12047693472443932183e-01
  -3.83048686778487468274e-01-j2.98218112876856455973e-01
  -3.89573317809301711279e-01-j2.85024148929514886674e-01
  -3.95463586075216644300e-01-j2.71285855983970536354e-01
  -4.00576420945863265199e-01-j2.57958248003189005715e-01
  -4.05754085348877913120e-01-j2.44734403210240619719e-01
  -4.10561755401351979877e-01-j2.31259217181236348404e-01
</dep>
<dep S[2,2] frequency>
  -1.19510385576383368345e-01-j1.69852993318614104573e-03
  -1.20298808238135823689e-01-j9.08006644173202370762e-03
  -1.23455568261959955367e-01-j1.53110670094903714156e-02
  -1.28758172532265735555e-01-j2.03159266990566439448e-02
  -1.35305966817868189578e-01-j2.35100612328692712416e-02
  -1.42414768430634081087e-01-j2.49226357341255054523e-02
  -1.49460327785925606303e-01-j2.43548768865592193955e-02
  -1.56212631133707396947e-01-j2.23731121628191788331e-02
  -1.61940079249904306247e-01-j1.93922000747690365108e-02
  -1.67051832551574436225e-01-j1.53728281416592293257e-02
  -1.71387522248045542916e-01-j1.08461045460485731862e-02
  -1.74689312560778187144e-01-j6.29048338896677754900e-03
  -1.77316562109738118380e-01-j1.24745688916069914776e-03
  -1.79376721113879478153e-01+j3.78712083653004807915e-03
  -1.80696311692229605317e-01+j8.82659047209113749310e-03
  -1.81683562433606060615e-01+j1.34888866806343512422e-02
  -1.82198781895043071533e-01+j1.80674018786134843451e-02
  -1.82601081156470251843e-01+j2.23442890173647934482e-02
  -1.82632759916490028385e-01+j2.69074307544259587466e-02
  -1.82069637259276273511e-01+j3.12022089285258451274e-02
  -1.81411437132472569411e-01+j3.53098173059552683517e-02
  -1.80651477024955986472e-01+j3.89474206732739886005e-02
  -1.79805674792699710096e-01+j4.26187598763814873282e-02
  -1.78406810901135942649e-01+j4.62554403412531525697e-02
  -1.77235463923789499097e-01+j4.96546375062497033492e-02
  -1.75843522388450690386e-01+j5.28979375925847233875e-02
  -1.74193533757668994610e-01+j5.59419238106260013899e-02
  -1.72617250935536703516e-01+j5.87546526756987305684e-02
  -1.70927611558266329128e-01+j6.16194452483428897760e-02
  -1.69171082985476534111e-01+j6.42490530199930631738e-02
  -1.67430285250973337474e-01+j6.67132373773045156407e-02
  -1.65510090702146839270e-01+j6.90207961696686633779e-02
  -1.63493685555498202699e-01+j7.12509163246106413947e-02
  -1.61541953246193747962e-01+j7.32847916819631406415e-02
  -1.59627453097822891159e-01+j7.51405228469190916707e-02
  -1.57568494869511105394e-01+j7.69941983556681613932e-02
  -1.55656338502906471666e-01+j7.88986273917980374115e-02
  -1.53566591307673777633e-01+j8.03473808003038192371e-02
  -1.51495300061241344736e-01+j8.18079691240796991192e-02
  -1.49270641375775781068e-01+j8.32041922429276603612e-02
  -1.47298901001023163637e-01+j8.42764753828996182605e-02
  -1.45282350274653998534e-01+j8.53693876415521635259e-02
  -1.43177992735542242153e-01+j8.63012651500446176245e-02
  -1.41233312365600410798e-01+j8.72860015641121755881e-02
  -1.39276554555631287835e-01+j8.78931851034915473386e-02
  -1.37273790506873882844e-01+j8.85376524017869870331e-02
  -1.35505268687054591936e-01+j8.91653387051345724945e-02
  -1.33481278633463096295e-01+j8.95654961915235692249e-02
  -1.31593270818012253454e-01+j8.98760547051319774736e-02
  -1.29947743790864156388e-01+j9.00435678053901900064e-02
  -1.28355913864999116036e-01+j8.99972203955402005882e-02
  -1.26575572333144092951e-01+j8.99631077371905452100e-02
  -1.25127729692752598378e-01+j8.98357959366339192675e-02
  -1.23692505078213638159e-01+j8.96888964961385232177e-02
  -1.22132483795567417517e-01+j8.93924008777457201891e-02
  -1.20864782685925015171e-01+j8.91085539756666655808e-02
  -1.19751369081668723737e-01+j8.85865075283138458939e-02
  -1.18692350221226566864e-01+j8.81363071500045197615e-02
  -1.17682493766835330473e-01+j8.79109371273159162508e-02
  -1.16839354080440577244e-01+j8.71300415249173093590e-02
  -1.16096780386126280371e-01+j8.65404027980915951934e-02
  -1.15491032819596869952e-01+j8.59042429275455876603e-02
  -1.14960131201598939055e-01+j8.51013370567740984329e-02
  -1.14391275085522256538e-01+j8.46930294176318348986e-02
  -1.14282719979463875948e-01+j8.39947914698641606712e-02
  -1.13963195744848838631e-01+j8.31698888287699666932e-02
  -1.13953697275264345667e-01+j8.24469091081488081318e-02
  -1.13967697749336682733e-01+j8.18253415037226011775e-02
  -1.14176328387101552742e-01+j8.13207333769759982411e-02
  -1.14460302653827616925e-01+j8.06537082220255552301e-02
  -1.15046433973113149118e-01+j8.03764440887174275163e-02
  -1.15256080877303546117e-01+j7.97135601807112265105e-02
  -1.15886933518312432168e-01+j7.93345017820167724976e-02
  -1.16671936797630257376e-01+j7.88812817488060147308e-02
  -1.17503823135719956405e-01+j7.87294704549502677438e-02
  -1.18306476982448519064e-01+j7.86309352643457804000e-02
  -1.19353870089588184888e-01+j7.84348537836671161338e-02
  -1.20341947600810503238e-01+j7.83659447624567850887e-02
  -1.21379667617728032036e-01+j7.84832032128399692539e-02
  -1.22496544878272023427e-01+j7.87410086215084153993e-02
  -1.23849908062272473508e-01+j7.89219519315920714497e-02
  -1.24932127494378333865e-01+j7.92830563702429380601e-02
  -1.26294962229975882284e-01+j7.97989257115701428047e-02
  -1.27525135766114516844e-01+j8.04159557503406063894e-02
  -1.28993115243879991061e-01+j8.10783854241569762467e-02
  -1.30170209864411329237e-01+j8.19134832920423716640e-02
  -1.31495396306220285743e-01+j8.29628906722772313520e-02
  -1.32659679440638195169e-01+j8.38246416872001354204e-02
  -1.34153151018542082795e-01+j8.49995191707755975985e-02
  -1.35308826593517977921e-01+j8.62678218153874742935e-02
  -1.36533839034414267166e-01+j8.75743965555416670199e-02
  -1.37788174143116254333e-01+j8.89049969286133251467e-02
  -1.38884675259400514058e-01+j9.04489080866885675203e-02
  -1.40013972552593596310e-01+j9.21562527038212453423e-02
  -1.41123942246710459836e-01+j9.39092198557024693262e-02
  -1.42135462422052327724e-01+j9.55592618503269680685e-02
  -1.43033325440908909432e-01+j9.74482140379826222709e-02
  -1.43852854850007982890e-01+j9.94439797323413421370e-02
  -1.44804427883637232277e-01+j1.01144448430130706740e-01
  -1.45532331847183976636e-01+j1.03351964443513896774e-01
  -1.46230857444464235062e-01+j1.05395128696565712478e-01
  -1.46817071856856773415e-01+j1.07554233550847838652e-01
  -1.47393416509357139121e-01+j1.09647200726267449178e-01
  -1.47896546045330784525e-01+j1.11954399147837932449e-01
  -1.48332388475588938803e-01+j1.14218555110780758954e-01
  -1.48691274967066050516e-01+j1.16449728239811492458e-01
  -1.48961698888046584210e-01+j1.18877424347074933664e-01
  -1.49075786231045559482e-01+j1.21210251751400641118e-01
  -1.49146185865584424146e-01+j1.23623799440261319948e-01
  -1.49213052078732227868e-01+j1.25898030607863670172e-01
  -1.49085950238125902745e-01+j1.28367326821747257393e-01
  -1.48895244424214368006e-01+j1.30625056877921391640e-01
  -1.48775399018715420718e-01+j1.33095515630403005147e-01
  -1.48493952551594254885e-01+j1.35421023209966767675e-01
  -1.48237308456022537362e-01+j1.37778516765734576621e-01
  -1.47811633684583415560e-01+j1.40131836280110888548e-01
  -1.47244761975656335284e-01+j1.42680769137415980330e-01
  -1.46724005608209195906e-01+j1.44984937606433272883e-01
  -1.46125204417575788041e-01+j1.47548717476713941998e-01
  -1.45386172204821390030e-01+j1.49767235102295448446e-01
  -1.44582345749166119031e-01+j1.52061282774142186858e-01
  -1.43779736878675484801e-01+j1.54457262218623825323e-01
  -1.42945130662635977448e-01+j1.56592513270550848237e-01
  -1.41890756297625431070e-01+j1.58838474434255055856e-01
  -1.40850041081934052034e-01+j1.60990584267033109978e-01
  -1.39840320649217808580e-01+j1.63174576724742226297e-01
  -1.38784104049464923625e-01+j1.65273527876051928853e-01
  -1.37765457586470019269e-01+j1.67360482485962469568e-01
  -1.36523858190333247098e-01+j1.69413196812468830332e-01
  -1.35298572659569710241e-01+j1.71590885245953672644e-01
  -1.33881047122708068953e-01+j1.73561426409025970630e-01
  -1.32458019216478484203e-01+j1.75551539250767607570e-01
  -1.31138625575883099872e-01+j1.77484731135932022328e-01
  -1.29704402998475409881e-01+j1.79355382737781676727e-01
  -1.27971380008468388345e-01+j1.81210044735899911128e-01
  -1.26528088346579192791e-01+j1.82908399687521872057e-01
  -1.24878285839733288443e-01+j1.84637663107424632170e-01
  -1.23372658878608529309e-01+j1.86255316103830365071e-01
  -1.21763777031891534675e-01+j1.88007537789661893779e-01
  -1.20095163003485744246e-01+j1.89445955383324399213e-01
  -1.18458450419981223267e-01+j1.91028978556276901601e-01
</dep>
