<Qucs Dataset 1.0.5>
<indep frequency 141>
  +1.00000000000000000000e+08
  +1.10000000000000000000e+08
  +1.20000000000000000000e+08
  +1.30000000000000000000e+08
  +1.40000000000000000000e+08
  +1.50000000000000000000e+08
  +1.60000000000000000000e+08
  +1.70000000000000000000e+08
  +1.80000000000000000000e+08
  +1.90000000000000000000e+08
  +2.00000000000000000000e+08
  +2.10000000000000000000e+08
  +2.20000000000000000000e+08
  +2.30000000000000000000e+08
  +2.40000000000000000000e+08
  +2.50000000000000000000e+08
  +2.60000000000000000000e+08
  +2.70000000000000000000e+08
  +2.80000000000000000000e+08
  +2.90000000000000000000e+08
  +3.00000000000000000000e+08
  +3.10000000000000000000e+08
  +3.20000000000000000000e+08
  +3.30000000000000000000e+08
  +3.40000000000000000000e+08
  +3.50000000000000000000e+08
  +3.60000000000000000000e+08
  +3.70000000000000000000e+08
  +3.80000000000000000000e+08
  +3.90000000000000000000e+08
  +4.00000000000000000000e+08
  +4.10000000000000000000e+08
  +4.20000000000000000000e+08
  +4.30000000000000000000e+08
  +4.40000000000000000000e+08
  +4.50000000000000000000e+08
  +4.60000000000000000000e+08
  +4.70000000000000000000e+08
  +4.80000000000000000000e+08
  +4.90000000000000000000e+08
  +5.00000000000000000000e+08
  +5.10000000000000000000e+08
  +5.20000000000000000000e+08
  +5.30000000000000000000e+08
  +5.40000000000000000000e+08
  +5.50000000000000000000e+08
  +5.60000000000000000000e+08
  +5.70000000000000000000e+08
  +5.80000000000000000000e+08
  +5.90000000000000000000e+08
  +6.00000000000000000000e+08
  +6.10000000000000000000e+08
  +6.20000000000000000000e+08
  +6.30000000000000000000e+08
  +6.40000000000000000000e+08
  +6.50000000000000000000e+08
  +6.60000000000000000000e+08
  +6.70000000000000000000e+08
  +6.80000000000000000000e+08
  +6.90000000000000000000e+08
  +7.00000000000000000000e+08
  +7.10000000000000000000e+08
  +7.20000000000000000000e+08
  +7.30000000000000000000e+08
  +7.40000000000000000000e+08
  +7.50000000000000000000e+08
  +7.60000000000000000000e+08
  +7.70000000000000000000e+08
  +7.80000000000000000000e+08
  +7.90000000000000000000e+08
  +8.00000000000000000000e+08
  +8.10000000000000000000e+08
  +8.20000000000000000000e+08
  +8.30000000000000000000e+08
  +8.40000000000000000000e+08
  +8.50000000000000000000e+08
  +8.60000000000000000000e+08
  +8.70000000000000000000e+08
  +8.80000000000000000000e+08
  +8.90000000000000000000e+08
  +9.00000000000000000000e+08
  +9.10000000000000000000e+08
  +9.20000000000000000000e+08
  +9.30000000000000000000e+08
  +9.40000000000000000000e+08
  +9.50000000000000000000e+08
  +9.60000000000000000000e+08
  +9.70000000000000000000e+08
  +9.80000000000000000000e+08
  +9.90000000000000000000e+08
  +1.00000000000000000000e+09
  +1.01000000000000000000e+09
  +1.02000000000000000000e+09
  +1.03000000000000000000e+09
  +1.04000000000000000000e+09
  +1.05000000000000000000e+09
  +1.06000000000000000000e+09
  +1.07000000000000000000e+09
  +1.08000000000000000000e+09
  +1.09000000000000000000e+09
  +1.10000000000000000000e+09
  +1.11000000000000000000e+09
  +1.12000000000000000000e+09
  +1.13000000000000000000e+09
  +1.14000000000000000000e+09
  +1.15000000000000000000e+09
  +1.16000000000000000000e+09
  +1.17000000000000000000e+09
  +1.18000000000000000000e+09
  +1.19000000000000000000e+09
  +1.20000000000000000000e+09
  +1.21000000000000000000e+09
  +1.22000000000000000000e+09
  +1.23000000000000000000e+09
  +1.24000000000000000000e+09
  +1.25000000000000000000e+09
  +1.26000000000000000000e+09
  +1.27000000000000000000e+09
  +1.28000000000000000000e+09
  +1.29000000000000000000e+09
  +1.30000000000000000000e+09
  +1.31000000000000000000e+09
  +1.32000000000000000000e+09
  +1.33000000000000000000e+09
  +1.34000000000000000000e+09
  +1.35000000000000000000e+09
  +1.36000000000000000000e+09
  +1.37000000000000000000e+09
  +1.38000000000000000000e+09
  +1.39000000000000000000e+09
  +1.40000000000000000000e+09
  +1.41000000000000000000e+09
  +1.42000000000000000000e+09
  +1.43000000000000000000e+09
  +1.44000000000000000000e+09
  +1.45000000000000000000e+09
  +1.46000000000000000000e+09
  +1.47000000000000000000e+09
  +1.48000000000000000000e+09
  +1.49000000000000000000e+09
  +1.50000000000000000000e+09
</indep>
<dep dBS12 frequency>
  -3.51499999999999985789e+01
  -3.39200000000000017053e+01
  -3.30700000000000002842e+01
  -3.22800000000000011369e+01
  -3.16700000000000017053e+01
  -3.10599999999999987210e+01
  -3.06099999999999994316e+01
  -3.01200000000000009948e+01
  -2.97899999999999991473e+01
  -2.94299999999999997158e+01
  -2.91099999999999994316e+01
  -2.88799999999999990052e+01
  -2.86700000000000017053e+01
  -2.83999999999999985789e+01
  -2.82399999999999984368e+01
  -2.80199999999999995737e+01
  -2.78399999999999963052e+01
  -2.77800000000000011369e+01
  -2.75300000000000011369e+01
  -2.74400000000000012790e+01
  -2.73399999999999998579e+01
  -2.72599999999999980105e+01
  -2.70599999999999987210e+01
  -2.69699999999999988631e+01
  -2.68500000000000014211e+01
  -2.67300000000000004263e+01
  -2.66499999999999985789e+01
  -2.65399999999999991473e+01
  -2.63900000000000005684e+01
  -2.63500000000000014211e+01
  -2.62300000000000039790e+01
  -2.61299999999999990052e+01
  -2.60799999999999982947e+01
  -2.59799999999999968736e+01
  -2.59100000000000036948e+01
  -2.58000000000000007105e+01
  -2.56599999999999965894e+01
  -2.56200000000000045475e+01
  -2.55399999999999991473e+01
  -2.54299999999999997158e+01
  -2.53799999999999990052e+01
  -2.52600000000000015632e+01
  -2.51900000000000012790e+01
  -2.50700000000000002842e+01
  -2.50399999999999991473e+01
  -2.49400000000000012790e+01
  -2.48399999999999998579e+01
  -2.47599999999999980105e+01
  -2.46600000000000036948e+01
  -2.45399999999999991473e+01
  -2.45300000000000011369e+01
  -2.43999999999999985789e+01
  -2.43400000000000034106e+01
  -2.42800000000000011369e+01
  -2.41499999999999985789e+01
  -2.40700000000000002842e+01
  -2.40300000000000011369e+01
  -2.39499999999999992895e+01
  -2.38500000000000014211e+01
  -2.37500000000000000000e+01
  -2.37100000000000008527e+01
  -2.36499999999999985789e+01
  -2.35700000000000002842e+01
  -2.35000000000000000000e+01
  -2.34400000000000048317e+01
  -2.33200000000000002842e+01
  -2.32699999999999995737e+01
  -2.31799999999999997158e+01
  -2.30900000000000034106e+01
  -2.30100000000000015632e+01
  -2.30100000000000015632e+01
  -2.28799999999999990052e+01
  -2.28099999999999951683e+01
  -2.27400000000000019895e+01
  -2.26999999999999992895e+01
  -2.26199999999999974420e+01
  -2.25599999999999987210e+01
  -2.24699999999999988631e+01
  -2.23999999999999985789e+01
  -2.23500000000000014211e+01
  -2.22800000000000011369e+01
  -2.22100000000000008527e+01
  -2.21300000000000025580e+01
  -2.20700000000000002842e+01
  -2.20000000000000000000e+01
  -2.19299999999999997158e+01
  -2.18700000000000045475e+01
  -2.18000000000000007105e+01
  -2.17300000000000004263e+01
  -2.16900000000000012790e+01
  -2.16299999999999990052e+01
  -2.15300000000000011369e+01
  -2.14800000000000004263e+01
  -2.14400000000000012790e+01
  -2.13799999999999990052e+01
  -2.12999999999999971578e+01
  -2.12500000000000000000e+01
  -2.12000000000000028422e+01
  -2.10899999999999998579e+01
  -2.10500000000000042633e+01
  -2.10000000000000000000e+01
  -2.09699999999999988631e+01
  -2.08800000000000025580e+01
  -2.08399999999999998579e+01
  -2.07600000000000015632e+01
  -2.06899999999999977263e+01
  -2.06499999999999950262e+01
  -2.05900000000000034106e+01
  -2.05499999999999971578e+01
  -2.04700000000000024158e+01
  -2.04200000000000017053e+01
  -2.03799999999999954525e+01
  -2.03200000000000002842e+01
  -2.02799999999999940314e+01
  -2.01900000000000012790e+01
  -2.01600000000000001421e+01
  -2.01400000000000005684e+01
  -2.00599999999999987210e+01
  -1.99799999999999968736e+01
  -1.99600000000000008527e+01
  -1.99200000000000017053e+01
  -1.98200000000000002842e+01
  -1.97800000000000011369e+01
  -1.97500000000000000000e+01
  -1.97000000000000028422e+01
  -1.96499999999999985789e+01
  -1.96000000000000049738e+01
  -1.95300000000000011369e+01
  -1.94800000000000004263e+01
  -1.94099999999999965894e+01
  -1.93900000000000005684e+01
  -1.93400000000000034106e+01
  -1.92899999999999991473e+01
  -1.92299999999999968736e+01
  -1.92100000000000008527e+01
  -1.91499999999999985789e+01
  -1.91099999999999994316e+01
  -1.90700000000000002842e+01
  -1.89800000000000004263e+01
  -1.89600000000000008527e+01
  -1.89200000000000017053e+01
</dep>
<dep dBS21 frequency>
  +2.00899999999999998579e+01
  +2.07199999999999988631e+01
  +2.12300000000000039790e+01
  +2.16299999999999990052e+01
  +2.19600000000000008527e+01
  +2.22100000000000008527e+01
  +2.23999999999999985789e+01
  +2.25499999999999971578e+01
  +2.26299999999999990052e+01
  +2.26900000000000012790e+01
  +2.27300000000000004263e+01
  +2.27400000000000019895e+01
  +2.27300000000000004263e+01
  +2.26999999999999992895e+01
  +2.26600000000000001421e+01
  +2.26000000000000014211e+01
  +2.25300000000000011369e+01
  +2.24500000000000028422e+01
  +2.23900000000000005684e+01
  +2.23200000000000002842e+01
  +2.22500000000000000000e+01
  +2.21700000000000017053e+01
  +2.20799999999999982947e+01
  +2.20100000000000015632e+01
  +2.19200000000000017053e+01
  +2.18400000000000034106e+01
  +2.17600000000000015632e+01
  +2.16700000000000017053e+01
  +2.15799999999999982947e+01
  +2.14900000000000019895e+01
  +2.14200000000000017053e+01
  +2.13200000000000002842e+01
  +2.12399999999999948841e+01
  +2.11600000000000001421e+01
  +2.10700000000000002842e+01
  +2.09799999999999968736e+01
  +2.08999999999999985789e+01
  +2.08200000000000002842e+01
  +2.07399999999999984368e+01
  +2.06499999999999985789e+01
  +2.05700000000000002842e+01
  +2.05000000000000000000e+01
  +2.04100000000000001421e+01
  +2.03299999999999982947e+01
  +2.02400000000000019895e+01
  +2.01700000000000017053e+01
  +2.00799999999999982947e+01
  +2.00100000000000051159e+01
  +1.99299999999999997158e+01
  +1.98399999999999998579e+01
  +1.97699999999999995737e+01
  +1.96899999999999977263e+01
  +1.96099999999999994316e+01
  +1.95300000000000011369e+01
  +1.94499999999999992895e+01
  +1.93799999999999990052e+01
  +1.93000000000000007105e+01
  +1.92300000000000004263e+01
  +1.91499999999999985789e+01
  +1.90799999999999982947e+01
  +1.90100000000000015632e+01
  +1.89300000000000032685e+01
  +1.88599999999999994316e+01
  +1.87800000000000011369e+01
  +1.86999999999999992895e+01
  +1.86400000000000005684e+01
  +1.85599999999999987210e+01
  +1.84899999999999984368e+01
  +1.84100000000000001421e+01
  +1.83500000000000014211e+01
  +1.82699999999999995737e+01
  +1.81999999999999992895e+01
  +1.81299999999999990052e+01
  +1.80599999999999987210e+01
  +1.80000000000000000000e+01
  +1.79200000000000017053e+01
  +1.78599999999999994316e+01
  +1.77899999999999991473e+01
  +1.77199999999999988631e+01
  +1.76499999999999985789e+01
  +1.75899999999999998579e+01
  +1.75199999999999995737e+01
  +1.74600000000000008527e+01
  +1.73900000000000005684e+01
  +1.73299999999999982947e+01
  +1.72600000000000015632e+01
  +1.71900000000000012790e+01
  +1.71400000000000005684e+01
  +1.70700000000000002842e+01
  +1.70100000000000015632e+01
  +1.69400000000000012790e+01
  +1.68799999999999990052e+01
  +1.68200000000000002842e+01
  +1.67600000000000015632e+01
  +1.66999999999999957367e+01
  +1.66400000000000005684e+01
  +1.65700000000000002842e+01
  +1.65100000000000015632e+01
  +1.64600000000000008527e+01
  +1.63999999999999985789e+01
  +1.63399999999999963052e+01
  +1.62800000000000011369e+01
  +1.62199999999999988631e+01
  +1.61600000000000001421e+01
  +1.61000000000000014211e+01
  +1.60399999999999991473e+01
  +1.60000000000000000000e+01
  +1.59299999999999997158e+01
  +1.58699999999999992184e+01
  +1.58200000000000002842e+01
  +1.57600000000000015632e+01
  +1.57100000000000008527e+01
  +1.56499999999999985789e+01
  +1.55899999999999998579e+01
  +1.55399999999999991473e+01
  +1.54899999999999984368e+01
  +1.54400000000000012790e+01
  +1.53800000000000007816e+01
  +1.53299999999999982947e+01
  +1.52800000000000011369e+01
  +1.52200000000000006395e+01
  +1.51699999999999981526e+01
  +1.51200000000000009948e+01
  +1.50600000000000004974e+01
  +1.50099999999999980105e+01
  +1.49600000000000008527e+01
  +1.49100000000000001421e+01
  +1.48599999999999976552e+01
  +1.48100000000000004974e+01
  +1.47599999999999997868e+01
  +1.47100000000000008527e+01
  +1.46700000000000017053e+01
  +1.46099999999999994316e+01
  +1.45700000000000002842e+01
  +1.45199999999999995737e+01
  +1.44700000000000006395e+01
  +1.44199999999999999289e+01
  +1.43699999999999956657e+01
  +1.43200000000000002842e+01
  +1.42699999999999995737e+01
  +1.42300000000000004263e+01
</dep>
<dep dBS22 frequency>
  -1.20299999999999975842e+01
  -1.15000000000000000000e+01
  -1.11799999999999997158e+01
  -1.09900000000000002132e+01
  -1.09299999999999997158e+01
  -1.09200000000000017053e+01
  -1.10299999999999993605e+01
  -1.11799999999999997158e+01
  -1.13299999999999982947e+01
  -1.15799999999999982947e+01
  -1.18399999999999963052e+01
  -1.20700000000000002842e+01
  -1.24000000000000003553e+01
  -1.26999999999999992895e+01
  -1.30500000000000007105e+01
  -1.33699999999999992184e+01
  -1.35900000000000016342e+01
  -1.38200000000000002842e+01
  -1.42300000000000022027e+01
  -1.46000000000000014211e+01
  -1.49700000000000006395e+01
  -1.52600000000000015632e+01
  -1.55299999999999993605e+01
  -1.59600000000000008527e+01
  -1.62899999999999991473e+01
  -1.66000000000000014211e+01
  -1.70300000000000011369e+01
  -1.73999999999999985789e+01
  -1.77100000000000044054e+01
  -1.80199999999999995737e+01
  -1.83000000000000007105e+01
  -1.87700000000000031264e+01
  -1.90099999999999980105e+01
  -1.93900000000000041211e+01
  -1.96200000000000045475e+01
  -1.99799999999999968736e+01
  -2.01700000000000017053e+01
  -2.05599999999999951683e+01
  -2.08600000000000029843e+01
  -2.12199999999999988631e+01
  -2.15599999999999951683e+01
  -2.18700000000000081002e+01
  -2.21699999999999945999e+01
  -2.25499999999999971578e+01
  -2.26499999999999914735e+01
  -2.29400000000000048317e+01
  -2.31400000000000005684e+01
  -2.34800000000000039790e+01
  -2.37899999999999955946e+01
  -2.41399999999999970157e+01
  -2.44499999999999957367e+01
  -2.48999999999999914735e+01
  -2.50799999999999947420e+01
  -2.54399999999999977263e+01
  -2.57400000000000019895e+01
  -2.61000000000000014211e+01
  -2.64299999999999997158e+01
  -2.66999999999999992895e+01
  -2.66600000000000001421e+01
  -2.73599999999999923261e+01
  -2.76600000000000036948e+01
  -2.77899999999999991473e+01
  -2.84299999999999997158e+01
  -2.81599999999999894840e+01
  -2.86399999999999792522e+01
  -2.91199999999999974420e+01
  -2.93300000000000054001e+01
  -2.96100000000000029843e+01
  -2.99899999999999948841e+01
  -3.03900000000000005684e+01
  -3.05599999999999880629e+01
  -3.06200000000000258638e+01
  -3.09899999999999806732e+01
  -3.13799999999999741362e+01
  -3.17100000000000008527e+01
  -3.19000000000000127898e+01
  -3.22800000000000224532e+01
  -3.25600000000000306954e+01
  -3.27500000000000426326e+01
  -3.29100000000000108002e+01
  -3.33699999999999548095e+01
  -3.32399999999999806732e+01
  -3.38899999999999792522e+01
  -3.38600000000000065370e+01
  -3.41100000000000207478e+01
  -3.42099999999999653255e+01
  -3.45999999999999943157e+01
  -3.42599999999999909051e+01
  -3.43599999999999710099e+01
  -3.42799999999999940314e+01
  -3.40300000000000153477e+01
  -3.39600000000000150635e+01
  -3.39099999999999752731e+01
  -3.38699999999999974420e+01
  -3.38699999999999903366e+01
  -3.35200000000000102318e+01
  -3.33600000000000136424e+01
  -3.34799999999999826628e+01
  -3.28300000000000054001e+01
  -3.30200000000000173372e+01
  -3.24599999999999866418e+01
  -3.22300000000000039790e+01
  -3.19400000000000119371e+01
  -3.15500000000000255795e+01
  -3.13000000000000078160e+01
  -3.09399999999999977263e+01
  -3.06700000000000159162e+01
  -3.04900000000000162004e+01
  -3.02599999999999944578e+01
  -3.00499999999999758415e+01
  -2.99899999999999913314e+01
  -2.98499999999999943157e+01
  -2.93700000000000187583e+01
  -2.90700000000000073896e+01
  -2.88500000000000156319e+01
  -2.84999999999999964473e+01
  -2.81299999999999847944e+01
  -2.80099999999999909051e+01
  -2.76099999999999958789e+01
  -2.74500000000000028422e+01
  -2.72899999999999955946e+01
  -2.71300000000000025580e+01
  -2.69599999999999937472e+01
  -2.67800000000000011369e+01
  -2.67199999999999917577e+01
  -2.64900000000000019895e+01
  -2.62700000000000031264e+01
  -2.60199999999999995737e+01
  -2.59000000000000056843e+01
  -2.55199999999999924682e+01
  -2.52900000000000027001e+01
  -2.51799999999999997158e+01
  -2.48900000000000041211e+01
  -2.47800000000000117950e+01
  -2.46400000000000041211e+01
  -2.45499999999999971578e+01
  -2.44300000000000068212e+01
  -2.42500000000000071054e+01
  -2.40600000000000022737e+01
  -2.40100000000000015632e+01
  -2.37300000000000039790e+01
</dep>
<dep K frequency>
  +1.62878987953582532455e+00
  +1.46967986653522086904e+00
  +1.38292374025193587350e+00
  +1.32050797931329833013e+00
  +1.27758414902001016245e+00
  +1.24177523809141931999e+00
  +1.21882106004931767274e+00
  +1.19481085532815201056e+00
  +1.18581920187368528019e+00
  +1.17405162132224782923e+00
  +1.16378687129840985293e+00
  +1.15976964455533160248e+00
  +1.15757475501141993135e+00
  +1.15156999855160302459e+00
  +1.15200874851817602895e+00
  +1.14776046156121069863e+00
  +1.14693834888934875771e+00
  +1.15220637968503258897e+00
  +1.14400088306648917147e+00
  +1.14676324940813612052e+00
  +1.14798304601238787548e+00
  +1.15050761132896917083e+00
  +1.14561209987741663419e+00
  +1.14690253068178016349e+00
  +1.14642703944791146675e+00
  +1.14556298542902879056e+00
  +1.14708826599094093623e+00
  +1.14708455761449568122e+00
  +1.14422212359998676234e+00
  +1.14814400340776501253e+00
  +1.14560504582899502779e+00
  +1.14626231557232238778e+00
  +1.14859210101141639981e+00
  +1.14766679617566191851e+00
  +1.14916696188840705695e+00
  +1.14801117089594684195e+00
  +1.14420845457309217075e+00
  +1.14692918444164160263e+00
  +1.14704143196452701403e+00
  +1.14567959514329009707e+00
  +1.14765850402886648851e+00
  +1.14441589342982874555e+00
  +1.14566449825406246887e+00
  +1.14284050378604562503e+00
  +1.14663728318513080673e+00
  +1.14445843912258049535e+00
  +1.14344234311002312943e+00
  +1.14253264727424919123e+00
  +1.14107050512976604395e+00
  +1.13897981092694111638e+00
  +1.14260758675759088732e+00
  +1.13922072701796928129e+00
  +1.14038209290536940443e+00
  +1.14138856895731710672e+00
  +1.13803580685726624111e+00
  +1.13720916848480002592e+00
  +1.13923871171442558925e+00
  +1.13844937706674609323e+00
  +1.13677515446327848103e+00
  +1.13449028892032544036e+00
  +1.13606561017939178271e+00
  +1.13706114208580344460e+00
  +1.13606664003802970697e+00
  +1.13656338184240546241e+00
  +1.13746282825402778016e+00
  +1.13345348264213252598e+00
  +1.13506161364533930680e+00
  +1.13357428616793876053e+00
  +1.13260159182570685488e+00
  +1.13102065672413232278e+00
  +1.13582104794734362052e+00
  +1.13166040057287875520e+00
  +1.13128904046068856637e+00
  +1.13109069837441778006e+00
  +1.13192211594911062988e+00
  +1.13188854136601757538e+00
  +1.13159183392155426873e+00
  +1.12995681051400875816e+00
  +1.12984171260894972200e+00
  +1.13085268936812788354e+00
  +1.12995305982407212575e+00
  +1.12982979501762481611e+00
  +1.12810428152215935782e+00
  +1.12851248448043794959e+00
  +1.12762952905397217940e+00
  +1.12726169575839452186e+00
  +1.12756426990501568142e+00
  +1.12625426012849327861e+00
  +1.12592232500275835072e+00
  +1.12684987375527634335e+00
  +1.12706544236343675358e+00
  +1.12447430537909420778e+00
  +1.12511016880595993150e+00
  +1.12599920546725784654e+00
  +1.12582385750382241163e+00
  +1.12426911259548556465e+00
  +1.12536859406982503451e+00
  +1.12592225162220382906e+00
  +1.12155690118661666155e+00
  +1.12250419487360786341e+00
  +1.12306571366261565004e+00
  +1.12464687727888423829e+00
  +1.12244240461550637278e+00
  +1.12333292446737775805e+00
  +1.12217517605922001422e+00
  +1.12126192984725214785e+00
  +1.12087169249397766713e+00
  +1.12163370577741483558e+00
  +1.12247302942651683288e+00
  +1.12040056264943910236e+00
  +1.12097056926650573416e+00
  +1.12136897395372736597e+00
  +1.12069607646897706488e+00
  +1.12183394116622681125e+00
  +1.11905576063507417039e+00
  +1.12002161068471051131e+00
  +1.12166969808698624433e+00
  +1.12055113747728229967e+00
  +1.11818801185885785543e+00
  +1.12021910731329410460e+00
  +1.12121830050761683850e+00
  +1.11790854719918963944e+00
  +1.11811238986979266663e+00
  +1.11938749919962998725e+00
  +1.11930724038833617762e+00
  +1.11891989895901677876e+00
  +1.11858472236520789522e+00
  +1.11714674413549475140e+00
  +1.11731185574437330565e+00
  +1.11575324576471079929e+00
  +1.11738538337832871150e+00
  +1.11697094649562322921e+00
  +1.11725885646923450700e+00
  +1.11592805191916299989e+00
  +1.11741110081644046126e+00
  +1.11679188415798846812e+00
  +1.11691271034934258566e+00
  +1.11728945753223207760e+00
  +1.11434775907865790678e+00
  +1.11623618744801844649e+00
  +1.11612785935480252064e+00
</dep>
<dep dBS11 frequency>
  -3.21999999999999975131e+00
  -3.66000000000000103029e+00
  -4.16000000000000191847e+00
  -4.70999999999999996447e+00
  -5.30999999999999872102e+00
  -5.94999999999999928946e+00
  -6.58999999999999896971e+00
  -7.24000000000000110134e+00
  -7.95000000000000017764e+00
  -8.65000000000000035527e+00
  -9.33999999999999985789e+00
  -1.00499999999999989342e+01
  -1.07600000000000015632e+01
  -1.14699999999999988631e+01
  -1.21400000000000005684e+01
  -1.27699999999999995737e+01
  -1.34699999999999988631e+01
  -1.41299999999999990052e+01
  -1.46400000000000005684e+01
  -1.51400000000000023448e+01
  -1.56099999999999994316e+01
  -1.60799999999999982947e+01
  -1.63700000000000009948e+01
  -1.67500000000000000000e+01
  -1.69800000000000004263e+01
  -1.72899999999999991473e+01
  -1.75599999999999987210e+01
  -1.77800000000000011369e+01
  -1.79400000000000012790e+01
  -1.80799999999999982947e+01
  -1.81700000000000017053e+01
  -1.82399999999999984368e+01
  -1.82600000000000015632e+01
  -1.82300000000000004263e+01
  -1.82100000000000008527e+01
  -1.81299999999999990052e+01
  -1.80799999999999982947e+01
  -1.80599999999999951683e+01
  -1.80500000000000007105e+01
  -1.79699999999999988631e+01
  -1.79499999999999957367e+01
  -1.78999999999999985789e+01
  -1.78700000000000009948e+01
  -1.77800000000000011369e+01
  -1.77399999999999984368e+01
  -1.76399999999999970157e+01
  -1.75000000000000035527e+01
  -1.74299999999999997158e+01
  -1.73900000000000005684e+01
  -1.73300000000000018474e+01
  -1.72899999999999955946e+01
  -1.72699999999999995737e+01
  -1.72399999999999984368e+01
  -1.72100000000000044054e+01
  -1.71900000000000012790e+01
  -1.71799999999999997158e+01
  -1.70599999999999987210e+01
  -1.70399999999999991473e+01
  -1.69200000000000017053e+01
  -1.68699999999999974420e+01
  -1.68399999999999998579e+01
  -1.67800000000000046896e+01
  -1.67700000000000031264e+01
  -1.67299999999999968736e+01
  -1.66700000000000017053e+01
  -1.66799999999999961631e+01
  -1.66499999999999985789e+01
  -1.66299999999999990052e+01
  -1.65699999999999967315e+01
  -1.65399999999999955946e+01
  -1.64899999999999984368e+01
  -1.64600000000000044054e+01
  -1.64100000000000001421e+01
  -1.64199999999999981526e+01
  -1.63500000000000049738e+01
  -1.63599999999999994316e+01
  -1.63500000000000014211e+01
  -1.63099999999999987210e+01
  -1.63099999999999987210e+01
  -1.62799999999999975842e+01
  -1.63000000000000007105e+01
  -1.63000000000000042633e+01
  -1.62500000000000035527e+01
  -1.62199999999999988631e+01
  -1.62300000000000039790e+01
  -1.61900000000000048317e+01
  -1.61400000000000005684e+01
  -1.61700000000000017053e+01
  -1.61600000000000001421e+01
  -1.61299999999999990052e+01
  -1.60799999999999982947e+01
  -1.61099999999999994316e+01
  -1.61400000000000041211e+01
  -1.61299999999999990052e+01
  -1.61299999999999990052e+01
  -1.61200000000000009948e+01
  -1.61299999999999954525e+01
  -1.61400000000000005684e+01
  -1.60799999999999982947e+01
  -1.60300000000000082423e+01
  -1.60799999999999982947e+01
  -1.60399999999999991473e+01
  -1.60300000000000011369e+01
  -1.60199999999999995737e+01
  -1.60800000000000018474e+01
  -1.60800000000000018474e+01
  -1.60599999999999951683e+01
  -1.61200000000000009948e+01
  -1.60799999999999982947e+01
  -1.60799999999999982947e+01
  -1.60899999999999998579e+01
  -1.60699999999999967315e+01
  -1.60199999999999995737e+01
  -1.60399999999999991473e+01
  -1.60300000000000011369e+01
  -1.60399999999999991473e+01
  -1.60700000000000002842e+01
  -1.61199999999999974420e+01
  -1.61199999999999974420e+01
  -1.61799999999999997158e+01
  -1.61700000000000052580e+01
  -1.61799999999999961631e+01
  -1.61400000000000005684e+01
  -1.60799999999999982947e+01
  -1.60800000000000018474e+01
  -1.60600000000000022737e+01
  -1.60499999999999971578e+01
  -1.60700000000000002842e+01
  -1.61299999999999990052e+01
  -1.61700000000000052580e+01
  -1.61999999999999957367e+01
  -1.62699999999999960210e+01
  -1.62900000000000027001e+01
  -1.63099999999999987210e+01
  -1.62899999999999991473e+01
  -1.63200000000000002842e+01
  -1.62699999999999960210e+01
  -1.62799999999999975842e+01
  -1.62599999999999980105e+01
  -1.62799999999999975842e+01
  -1.63500000000000014211e+01
</dep>
<dep Rn frequency>
  +0.00000000000000000000e+00
  +0.00000000000000000000e+00
  +0.00000000000000000000e+00
  +0.00000000000000000000e+00
  +0.00000000000000000000e+00
  +0.00000000000000000000e+00
  +0.00000000000000000000e+00
  +0.00000000000000000000e+00
  +0.00000000000000000000e+00
  +0.00000000000000000000e+00
  +0.00000000000000000000e+00
  +0.00000000000000000000e+00
  +0.00000000000000000000e+00
  +0.00000000000000000000e+00
  +0.00000000000000000000e+00
  +0.00000000000000000000e+00
  +0.00000000000000000000e+00
  +0.00000000000000000000e+00
  +0.00000000000000000000e+00
  +0.00000000000000000000e+00
  +0.00000000000000000000e+00
  +0.00000000000000000000e+00
  +0.00000000000000000000e+00
  +0.00000000000000000000e+00
  +0.00000000000000000000e+00
  +0.00000000000000000000e+00
  +0.00000000000000000000e+00
  +0.00000000000000000000e+00
  +0.00000000000000000000e+00
  +0.00000000000000000000e+00
  +0.00000000000000000000e+00
  +0.00000000000000000000e+00
  +0.00000000000000000000e+00
  +0.00000000000000000000e+00
  +0.00000000000000000000e+00
  +0.00000000000000000000e+00
  +0.00000000000000000000e+00
  +0.00000000000000000000e+00
  +0.00000000000000000000e+00
  +0.00000000000000000000e+00
  +0.00000000000000000000e+00
  +0.00000000000000000000e+00
  +0.00000000000000000000e+00
  +0.00000000000000000000e+00
  +0.00000000000000000000e+00
  +0.00000000000000000000e+00
  +0.00000000000000000000e+00
  +0.00000000000000000000e+00
  +0.00000000000000000000e+00
  +0.00000000000000000000e+00
  +0.00000000000000000000e+00
  +0.00000000000000000000e+00
  +0.00000000000000000000e+00
  +0.00000000000000000000e+00
  +0.00000000000000000000e+00
  +0.00000000000000000000e+00
  +0.00000000000000000000e+00
  +0.00000000000000000000e+00
  +0.00000000000000000000e+00
  +0.00000000000000000000e+00
  +0.00000000000000000000e+00
  +0.00000000000000000000e+00
  +0.00000000000000000000e+00
  +0.00000000000000000000e+00
  +0.00000000000000000000e+00
  +0.00000000000000000000e+00
  +0.00000000000000000000e+00
  +0.00000000000000000000e+00
  +0.00000000000000000000e+00
  +0.00000000000000000000e+00
  +0.00000000000000000000e+00
  +0.00000000000000000000e+00
  +0.00000000000000000000e+00
  +0.00000000000000000000e+00
  +0.00000000000000000000e+00
  +0.00000000000000000000e+00
  +0.00000000000000000000e+00
  +0.00000000000000000000e+00
  +0.00000000000000000000e+00
  +0.00000000000000000000e+00
  +0.00000000000000000000e+00
  +0.00000000000000000000e+00
  +0.00000000000000000000e+00
  +0.00000000000000000000e+00
  +0.00000000000000000000e+00
  +0.00000000000000000000e+00
  +0.00000000000000000000e+00
  +0.00000000000000000000e+00
  +0.00000000000000000000e+00
  +0.00000000000000000000e+00
  +0.00000000000000000000e+00
  +0.00000000000000000000e+00
  +0.00000000000000000000e+00
  +0.00000000000000000000e+00
  +0.00000000000000000000e+00
  +0.00000000000000000000e+00
  +0.00000000000000000000e+00
  +0.00000000000000000000e+00
  +0.00000000000000000000e+00
  +0.00000000000000000000e+00
  +0.00000000000000000000e+00
  +0.00000000000000000000e+00
  +0.00000000000000000000e+00
  +0.00000000000000000000e+00
  +0.00000000000000000000e+00
  +0.00000000000000000000e+00
  +0.00000000000000000000e+00
  +0.00000000000000000000e+00
  +0.00000000000000000000e+00
  +0.00000000000000000000e+00
  +0.00000000000000000000e+00
  +0.00000000000000000000e+00
  +0.00000000000000000000e+00
  +0.00000000000000000000e+00
  +0.00000000000000000000e+00
  +0.00000000000000000000e+00
  +0.00000000000000000000e+00
  +0.00000000000000000000e+00
  +0.00000000000000000000e+00
  +0.00000000000000000000e+00
  +0.00000000000000000000e+00
  +0.00000000000000000000e+00
  +0.00000000000000000000e+00
  +0.00000000000000000000e+00
  +0.00000000000000000000e+00
  +0.00000000000000000000e+00
  +0.00000000000000000000e+00
  +0.00000000000000000000e+00
  +0.00000000000000000000e+00
  +0.00000000000000000000e+00
  +0.00000000000000000000e+00
  +0.00000000000000000000e+00
  +0.00000000000000000000e+00
  +0.00000000000000000000e+00
  +0.00000000000000000000e+00
  +0.00000000000000000000e+00
  +0.00000000000000000000e+00
  +0.00000000000000000000e+00
  +0.00000000000000000000e+00
  +0.00000000000000000000e+00
  +0.00000000000000000000e+00
</dep>
<dep Fmin frequency>
  -nan
  -nan
  -nan
  -nan
  -nan
  -nan
  -nan
  -nan
  -nan
  -nan
  -nan
  -nan
  -nan
  -nan
  -nan
  -nan
  -nan
  -nan
  -nan
  -nan
  -nan
  -nan
  -nan
  -nan
  -nan
  -nan
  -nan
  -nan
  -nan
  -nan
  -nan
  -nan
  -nan
  -nan
  -nan
  -nan
  -nan
  -nan
  -nan
  -nan
  -nan
  -nan
  -nan
  -nan
  -nan
  -nan
  -nan
  -nan
  -nan
  -nan
  -nan
  -nan
  -nan
  -nan
  -nan
  -nan
  -nan
  -nan
  -nan
  -nan
  -nan
  -nan
  -nan
  -nan
  -nan
  -nan
  -nan
  -nan
  -nan
  -nan
  -nan
  -nan
  -nan
  -nan
  -nan
  -nan
  -nan
  -nan
  -nan
  -nan
  -nan
  -nan
  -nan
  -nan
  -nan
  -nan
  -nan
  -nan
  -nan
  -nan
  -nan
  -nan
  -nan
  -nan
  -nan
  -nan
  -nan
  -nan
  -nan
  -nan
  -nan
  -nan
  -nan
  -nan
  -nan
  -nan
  -nan
  -nan
  -nan
  -nan
  -nan
  -nan
  -nan
  -nan
  -nan
  -nan
  -nan
  -nan
  -nan
  -nan
  -nan
  -nan
  -nan
  -nan
  -nan
  -nan
  -nan
  -nan
  -nan
  -nan
  -nan
  -nan
  -nan
  -nan
  -nan
  -nan
  -nan
  -nan
  -nan
  -nan
  -nan
</dep>
<dep Sopt frequency>
  -nan-jnan
  -nan-jnan
  -nan-jnan
  -nan-jnan
  -nan-jnan
  -nan-jnan
  -nan-jnan
  -nan-jnan
  -nan-jnan
  -nan-jnan
  -nan-jnan
  -nan-jnan
  -nan-jnan
  -nan-jnan
  -nan-jnan
  -nan-jnan
  -nan-jnan
  -nan-jnan
  -nan-jnan
  -nan-jnan
  -nan-jnan
  -nan-jnan
  -nan-jnan
  -nan-jnan
  -nan-jnan
  -nan-jnan
  -nan-jnan
  -nan-jnan
  -nan-jnan
  -nan-jnan
  -nan-jnan
  -nan-jnan
  -nan-jnan
  -nan-jnan
  -nan-jnan
  -nan-jnan
  -nan-jnan
  -nan-jnan
  -nan-jnan
  -nan-jnan
  -nan-jnan
  -nan-jnan
  -nan-jnan
  -nan-jnan
  -nan-jnan
  -nan-jnan
  -nan-jnan
  -nan-jnan
  -nan-jnan
  -nan-jnan
  -nan-jnan
  -nan-jnan
  -nan-jnan
  -nan-jnan
  -nan-jnan
  -nan-jnan
  -nan-jnan
  -nan-jnan
  -nan-jnan
  -nan-jnan
  -nan-jnan
  -nan-jnan
  -nan-jnan
  -nan-jnan
  -nan-jnan
  -nan-jnan
  -nan-jnan
  -nan-jnan
  -nan-jnan
  -nan-jnan
  -nan-jnan
  -nan-jnan
  -nan-jnan
  -nan-jnan
  -nan-jnan
  -nan-jnan
  -nan-jnan
  -nan-jnan
  -nan-jnan
  -nan-jnan
  -nan-jnan
  -nan-jnan
  -nan-jnan
  -nan-jnan
  -nan-jnan
  -nan-jnan
  -nan-jnan
  -nan-jnan
  -nan-jnan
  -nan-jnan
  -nan-jnan
  -nan-jnan
  -nan-jnan
  -nan-jnan
  -nan-jnan
  -nan-jnan
  -nan-jnan
  -nan-jnan
  -nan-jnan
  -nan-jnan
  -nan-jnan
  -nan-jnan
  -nan-jnan
  -nan-jnan
  -nan-jnan
  -nan-jnan
  -nan-jnan
  -nan-jnan
  -nan-jnan
  -nan-jnan
  -nan-jnan
  -nan-jnan
  -nan-jnan
  -nan-jnan
  -nan-jnan
  -nan-jnan
  -nan-jnan
  -nan-jnan
  -nan-jnan
  -nan-jnan
  -nan-jnan
  -nan-jnan
  -nan-jnan
  -nan-jnan
  -nan-jnan
  -nan-jnan
  -nan-jnan
  -nan-jnan
  -nan-jnan
  -nan-jnan
  -nan-jnan
  -nan-jnan
  -nan-jnan
  -nan-jnan
  -nan-jnan
  -nan-jnan
  -nan-jnan
  -nan-jnan
  -nan-jnan
  -nan-jnan
  -nan-jnan
</dep>
<dep F frequency>
  +1.00000000000000000000e+00
  +1.00000000000000000000e+00
  +1.00000000000000000000e+00
  +1.00000000000000000000e+00
  +1.00000000000000000000e+00
  +1.00000000000000000000e+00
  +1.00000000000000000000e+00
  +1.00000000000000000000e+00
  +1.00000000000000000000e+00
  +1.00000000000000000000e+00
  +1.00000000000000000000e+00
  +1.00000000000000000000e+00
  +1.00000000000000000000e+00
  +1.00000000000000000000e+00
  +1.00000000000000000000e+00
  +1.00000000000000000000e+00
  +1.00000000000000000000e+00
  +1.00000000000000000000e+00
  +1.00000000000000000000e+00
  +1.00000000000000000000e+00
  +1.00000000000000000000e+00
  +1.00000000000000000000e+00
  +1.00000000000000000000e+00
  +1.00000000000000000000e+00
  +1.00000000000000000000e+00
  +1.00000000000000000000e+00
  +1.00000000000000000000e+00
  +1.00000000000000000000e+00
  +1.00000000000000000000e+00
  +1.00000000000000000000e+00
  +1.00000000000000000000e+00
  +1.00000000000000000000e+00
  +1.00000000000000000000e+00
  +1.00000000000000000000e+00
  +1.00000000000000000000e+00
  +1.00000000000000000000e+00
  +1.00000000000000000000e+00
  +1.00000000000000000000e+00
  +1.00000000000000000000e+00
  +1.00000000000000000000e+00
  +1.00000000000000000000e+00
  +1.00000000000000000000e+00
  +1.00000000000000000000e+00
  +1.00000000000000000000e+00
  +1.00000000000000000000e+00
  +1.00000000000000000000e+00
  +1.00000000000000000000e+00
  +1.00000000000000000000e+00
  +1.00000000000000000000e+00
  +1.00000000000000000000e+00
  +1.00000000000000000000e+00
  +1.00000000000000000000e+00
  +1.00000000000000000000e+00
  +1.00000000000000000000e+00
  +1.00000000000000000000e+00
  +1.00000000000000000000e+00
  +1.00000000000000000000e+00
  +1.00000000000000000000e+00
  +1.00000000000000000000e+00
  +1.00000000000000000000e+00
  +1.00000000000000000000e+00
  +1.00000000000000000000e+00
  +1.00000000000000000000e+00
  +1.00000000000000000000e+00
  +1.00000000000000000000e+00
  +1.00000000000000000000e+00
  +1.00000000000000000000e+00
  +1.00000000000000000000e+00
  +1.00000000000000000000e+00
  +1.00000000000000000000e+00
  +1.00000000000000000000e+00
  +1.00000000000000000000e+00
  +1.00000000000000000000e+00
  +1.00000000000000000000e+00
  +1.00000000000000000000e+00
  +1.00000000000000000000e+00
  +1.00000000000000000000e+00
  +1.00000000000000000000e+00
  +1.00000000000000000000e+00
  +1.00000000000000000000e+00
  +1.00000000000000000000e+00
  +1.00000000000000000000e+00
  +1.00000000000000000000e+00
  +1.00000000000000000000e+00
  +1.00000000000000000000e+00
  +1.00000000000000000000e+00
  +1.00000000000000000000e+00
  +1.00000000000000000000e+00
  +1.00000000000000000000e+00
  +1.00000000000000000000e+00
  +1.00000000000000000000e+00
  +1.00000000000000000000e+00
  +1.00000000000000000000e+00
  +1.00000000000000000000e+00
  +1.00000000000000000000e+00
  +1.00000000000000000000e+00
  +1.00000000000000000000e+00
  +1.00000000000000000000e+00
  +1.00000000000000000000e+00
  +1.00000000000000000000e+00
  +1.00000000000000000000e+00
  +1.00000000000000000000e+00
  +1.00000000000000000000e+00
  +1.00000000000000000000e+00
  +1.00000000000000000000e+00
  +1.00000000000000000000e+00
  +1.00000000000000000000e+00
  +1.00000000000000000000e+00
  +1.00000000000000000000e+00
  +1.00000000000000000000e+00
  +1.00000000000000000000e+00
  +1.00000000000000000000e+00
  +1.00000000000000000000e+00
  +1.00000000000000000000e+00
  +1.00000000000000000000e+00
  +1.00000000000000000000e+00
  +1.00000000000000000000e+00
  +1.00000000000000000000e+00
  +1.00000000000000000000e+00
  +1.00000000000000000000e+00
  +1.00000000000000000000e+00
  +1.00000000000000000000e+00
  +1.00000000000000000000e+00
  +1.00000000000000000000e+00
  +1.00000000000000000000e+00
  +1.00000000000000000000e+00
  +1.00000000000000000000e+00
  +1.00000000000000000000e+00
  +1.00000000000000000000e+00
  +1.00000000000000000000e+00
  +1.00000000000000000000e+00
  +1.00000000000000000000e+00
  +1.00000000000000000000e+00
  +1.00000000000000000000e+00
  +1.00000000000000000000e+00
  +1.00000000000000000000e+00
  +1.00000000000000000000e+00
  +1.00000000000000000000e+00
  +1.00000000000000000000e+00
  +1.00000000000000000000e+00
  +1.00000000000000000000e+00
</dep>
<dep S[1,1] frequency>
  -3.96299921987441239324e-01+j5.65134814569199672718e-01
  -3.26385194063781636231e-01+j5.69209377635029989406e-01
  -2.59727702514769731579e-01+j5.62359996833592279408e-01
  -2.01910326974442999592e-01+j5.45249535595451084724e-01
  -1.47381590344133561743e-01+j5.22226799587602763530e-01
  -1.01618014241329546188e-01+j4.93731758889965954840e-01
  -6.42807461193546370026e-02+j4.63841006394846433469e-01
  -3.45448758714145265358e-02+j4.33134836350827223672e-01
  -1.20880842554857981241e-02+j4.00222959471388139985e-01
  +4.51299241466773803921e-03+j3.69375075713505085506e-01
  +1.67861507770296070063e-02+j3.40779735434987351983e-01
  +2.47232373984692666014e-02+j3.13439102535457148058e-01
  +2.88769785586108218567e-02+j2.88291725100227713696e-01
  +3.15667680300999453635e-02+j2.65120429557561321232e-01
  +3.12356982538682936834e-02+j2.45190810686596677437e-01
  +3.13174570591503442785e-02+j2.27736123750419378053e-01
  +2.93692244988538186945e-02+j2.10036744741639719303e-01
  +2.47038464924747014351e-02+j1.95003635027358318554e-01
  +2.18823032992541133268e-02+j1.84056946601607290814e-01
  +1.70147207056893234878e-02+j1.74155486896664130070e-01
  +1.29483002145982517561e-02+j1.65261256961747121652e-01
  +9.66890489636695882325e-03+j1.56738334974084791984e-01
  +4.50570304642794461358e-03+j1.51812945848692704143e-01
  +2.53733112610121658292e-04+j1.45378217136798160158e-01
  -3.40968660274931778531e-03+j1.41538313932739245882e-01
  -8.43537289662343869878e-03+j1.36354836336822382581e-01
  -1.08514570310669355990e-02+j1.31988828689099779723e-01
  -1.50423680903413181653e-02+j1.28242735808876545667e-01
  -1.80584846174256519191e-02+j1.25472322300382160831e-01
  -2.06092383217931773842e-02+j1.23024044852403868777e-01
  -2.28574948559261414971e-02+j1.21318022020160787289e-01
  -2.44358643418876031461e-02+j1.19998903698694703301e-01
  -2.67567779868448374359e-02+j1.19214172511294375090e-01
  -2.91409298378896286508e-02+j1.19089150929391623945e-01
  -2.98951038038597349811e-02+j1.19193474276899635811e-01
  -3.18065360704210542409e-02+j1.19874478794409600191e-01
  -3.41313431733878402952e-02+j1.19977946845373134588e-01
  -3.54674277083684152956e-02+j1.19889690958652539443e-01
  -3.69302690240332909255e-02+j1.19597934475867972992e-01
  -3.71666318171676168802e-02+j1.20737040512571919271e-01
  -3.78221655056998340427e-02+j1.20838477743473227122e-01
  -3.80617267191158958894e-02+j1.21529444715051004877e-01
  -3.93410521584703909426e-02+j1.21584542989673860536e-01
  -3.83760997892289568156e-02+j1.23287254371560128785e-01
  -3.79691507409822825991e-02+j1.24036624440982123918e-01
  -3.79925184671894289323e-02+j1.25599579180745435369e-01
  -3.81863640944556381740e-02+j1.27767741224594277849e-01
  -3.78654527676695051852e-02+j1.28988172895070751789e-01
  -3.70893211592481231165e-02+j1.29858920676026445840e-01
  -3.65926786545945903484e-02+j1.30971989595723703470e-01
  -3.64169906516225161397e-02+j1.31672319415381877672e-01
  -3.55094541719499501298e-02+j1.32246072701930839077e-01
  -3.47746119006537846019e-02+j1.32930958990454317625e-01
  -3.35661992084955729254e-02+j1.33731421400987815495e-01
  -3.18392291057321141778e-02+j1.34479723659795935564e-01
  -2.99458572922390864335e-02+j1.35077033137553426112e-01
  -2.95970687029128987078e-02+j1.37123580835914249398e-01
  -2.80561261385448013073e-02+j1.37777175857311973139e-01
  -2.58817689632142577949e-02+j1.40191669312755562427e-01
  -2.52925530564260814259e-02+j1.41135370193758657997e-01
  -2.33506559149319059543e-02+j1.41972392936982216849e-01
  -2.13892030314859482587e-02+j1.43289569857380394424e-01
  -2.02113023279102410612e-02+j1.43628993089398748761e-01
  -1.82122892935145941351e-02+j1.44570941543214481761e-01
  -1.63042259771071229579e-02+j1.45814915432308012111e-01
  -1.47084894514830644141e-02+j1.45814831479383344437e-01
  -1.28939906554190741872e-02+j1.46495495638084949341e-01
  -1.02821638087056133060e-02+j1.47041793025140976603e-01
  -8.82826434906913704026e-03+j1.48159800145375220026e-01
  -6.02901923939458406210e-03+j1.48814028656619634639e-01
  -3.34619473579755855042e-03+j1.49758546395916236627e-01
  -1.31172217261799062271e-03+j1.50308473104983741919e-01
  +1.00266944437987781669e-03+j1.51178644946102114233e-01
  +3.34692149119208970376e-03+j1.50970920499730598685e-01
  +5.87032230796835641229e-03+j1.52116684869495255583e-01
  +7.66639231411048172049e-03+j1.51861365497094391586e-01
  +1.00623592386350768635e-02+j1.51896989523286563006e-01
  +1.23182388171654277897e-02+j1.52435669641448556799e-01
  +1.50298579776455554224e-02+j1.52192232902225887958e-01
  +1.75320195624677488411e-02+j1.52456948444540718590e-01
  +2.00111952309049989651e-02+j1.51795389319405282791e-01
  +2.30536887170822435422e-02+j1.51363191000107699669e-01
  +2.60520903367693623665e-02+j1.51772941085363932689e-01
  +2.85311953753264457845e-02+j1.51868639684388850863e-01
  +3.09567332181912568956e-02+j1.51211359897478025971e-01
  +3.43533274721827819320e-02+j1.51206735602810643515e-01
  +3.61158234377918496705e-02+j1.51715811266157740711e-01
  +3.95958366669058037246e-02+j1.50288981841973728892e-01
  +4.14505118179675502432e-02+j1.49973816172658286350e-01
  +4.41356374344135105048e-02+j1.49766998006722190651e-01
  +4.67248114934355474048e-02+j1.49923931922979897235e-01
  +4.88788005760956156820e-02+j1.48665716534410657923e-01
  +5.06968469208344263421e-02+j1.47485151127235925017e-01
  +5.41176450577642853546e-02+j1.46456098121892364095e-01
  +5.72236337760678726028e-02+j1.45270657467879593661e-01
  +6.03731458610301530143e-02+j1.44185258559197004846e-01
  +6.27580774395823937084e-02+j1.42966890921551903482e-01
  +6.57614861490725122195e-02+j1.41412400553146355708e-01
  +6.88401743410611555163e-02+j1.41143273906466082401e-01
  +7.20972652443589989701e-02+j1.40527334044711960104e-01
  +7.30455951408492953902e-02+j1.39013432454790253345e-01
  +7.55431406615705292040e-02+j1.38498401008134708334e-01
  +7.80625241039580863855e-02+j1.37303275998602813956e-01
  +8.06345583666161491720e-02+j1.36020298536597472605e-01
  +8.18174146541958968726e-02+j1.34038442365042254067e-01
  +8.46758182921829583023e-02+j1.32251272844130296491e-01
  +8.74686428002178217866e-02+j1.30856628043904521519e-01
  +8.94348473323107739930e-02+j1.28201847137964342060e-01
  +9.26801530273693163764e-02+j1.26770590466270260954e-01
  +9.55323846931359632606e-02+j1.24635295350819852445e-01
  +9.81368884381275119466e-02+j1.22363504237001929909e-01
  +1.00319676256559464633e-01+j1.21050419272055509445e-01
  +1.02966394470753286328e-01+j1.20005729974270614058e-01
  +1.04163971976256930496e-01+j1.18483923487338493885e-01
  +1.06399425434871131024e-01+j1.16726644501411236376e-01
  +1.07894522813286486418e-01+j1.15097111734904555824e-01
  +1.08796990979885488393e-01+j1.13492097539361846970e-01
  +1.10839459859020439403e-01+j1.10222137817683085714e-01
  +1.12784006836392891593e-01+j1.08231572698858080628e-01
  +1.13958482318530562871e-01+j1.05415931407558671751e-01
  +1.16777516394355740381e-01+j1.02555448461870368781e-01
  +1.18850051850201587911e-01+j9.98685108633865503691e-02
  +1.21507728504765655231e-01+j9.77645743833128744171e-02
  +1.24535185750852317454e-01+j9.56628500638786460897e-02
  +1.25793112999997291901e-01+j9.40025855714261560081e-02
  +1.27692186488714054526e-01+j9.20267683126182456377e-02
  +1.28986932734017623048e-01+j9.05190711221990351731e-02
  +1.29845909899225953055e-01+j8.86413060181504564028e-02
  +1.30393875871669395750e-01+j8.58809950970015334448e-02
  +1.30712205252418112167e-01+j8.40769156338355694302e-02
  +1.31831824558303889461e-01+j8.12939064372202313535e-02
  +1.32460979124969457921e-01+j7.78387521807756277425e-02
  +1.34092119666341935691e-01+j7.42672986708853843929e-02
  +1.35268795273724595774e-01+j7.13493196308748744983e-02
  +1.37215914566262253693e-01+j6.83236488942686182035e-02
  +1.38206955561069877447e-01+j6.50647220646525803467e-02
  +1.40573012019620136037e-01+j6.20000856736305228090e-02
  +1.40978105151452703936e-01+j6.06272769210860484890e-02
  +1.42127497277157233135e-01+j5.88130214543450824394e-02
  +1.42753991283372960730e-01+j5.63186542064597617241e-02
  +1.42090283316898324806e-01+j5.46287276678519284623e-02
</dep>
<dep S[1,2] frequency>
  +2.16942888502662245553e-03-j1.73431741510706033393e-02
  +1.44097855597137558537e-04-j2.01367269251086569715e-02
  -1.30157048769001526534e-03-j2.21693418535713476780e-02
  -3.85091836228066558556e-03-j2.40152464476740927501e-02
  -5.68725261590492109365e-03-j2.54641810466510708222e-02
  -8.24414020609220976610e-03-j2.67481549836340280757e-02
  -1.03812667708567674119e-02-j2.75896670787925055168e-02
  -1.32056593071930711281e-02-j2.82552258182324593505e-02
  -1.52641909688060115058e-02-j2.85752848230799473550e-02
  -1.77840056809693627948e-02-j2.87050331736512370773e-02
  -2.02151890915937618165e-02-j2.86144257525730444369e-02
  -2.20492905063923161357e-02-j2.84257740372132056139e-02
  -2.39795973825822836267e-02-j2.79873606464848198594e-02
  -2.63145495441187288188e-02-j2.74405585408906901868e-02
  -2.81371595939918991980e-02-j2.66079891289177118685e-02
  -2.97983617607036205266e-02-j2.62615480518111170383e-02
  -3.17882289717812266394e-02-j2.51769780166830568768e-02
  -3.25238607323269438010e-02-j2.46869539557893723225e-02
  -3.43399037554974612130e-02-j2.42241373582081434557e-02
  -3.56800537583595520075e-02-j2.30206755908713631142e-02
  -3.68107334048437054297e-02-j2.21356121527505195212e-02
  -3.76448697141187060833e-02-j2.14983860094263012908e-02
  -3.92696261585834260899e-02-j2.06345038969185171074e-02
  -4.04396394538564935006e-02-j1.93320555929994558619e-02
  -4.14428645571606885101e-02-j1.86512501754537360354e-02
  -4.25619077061448469745e-02-j1.76558340050484846584e-02
  -4.34045472695467893232e-02-j1.66962211309235608603e-02
  -4.42910320233975141058e-02-j1.60156455412385628767e-02
  -4.55573329423565875906e-02-j1.48552368978630625063e-02
  -4.60798551649951176890e-02-j1.39298814762205055984e-02
  -4.70745941827269837043e-02-j1.28958152859854069394e-02
  -4.78315714040727160694e-02-j1.22454724443708667936e-02
  -4.84896019210563911095e-02-j1.07143755194516465679e-02
  -4.92552900451473166243e-02-j9.86900071177357340879e-03
  -4.98912122198389151873e-02-j8.68049421131718290656e-03
  -5.07121705294866567670e-02-j7.65138889899379115445e-03
  -5.16900502925778035368e-02-j6.67667354225599807283e-03
  -5.20488332684038643161e-02-j5.70027432022149338486e-03
  -5.26434358050192410805e-02-j4.60570384199390780999e-03
  -5.34129954899179790195e-02-j3.35110171444870375002e-03
  -5.37702812646516162265e-02-j2.46990696617906124732e-03
  -5.45597265714162851791e-02-j1.32388288057493086480e-03
  -5.50173082548127134750e-02-j9.60234149644800805135e-05
  -5.57800958269344254736e-02+j5.45203305226282797236e-04
  -5.59302728797027789986e-02+j2.25616930161925965947e-03
  -5.65103251410284737610e-02+j3.58503514079147600491e-03
  -5.71022439591638425460e-02+j4.50407215298867513731e-03
  -5.75177250279189089532e-02+j5.80187106663471174883e-03
  -5.80493119564171600189e-02+j7.07614347817023259246e-03
  -5.87068280188993707469e-02+j8.31340779959428843870e-03
  -5.85972327749774840600e-02+j9.49068077326245540526e-03
  -5.92717290777767039089e-02+j1.08463210275029781071e-02
  -5.94172966279100309150e-02+j1.22831021267537920938e-02
  -5.96460259497076858426e-02+j1.32232056009124882001e-02
  -6.01942293728056215807e-02+j1.49188662661611098903e-02
  -6.04988106118118859622e-02+j1.60409689742841976567e-02
  -6.04242084237989890427e-02+j1.73948623748099301389e-02
  -6.05924036414776101545e-02+j1.88608314822767270114e-02
  -6.09376373103639248918e-02+j2.01885995057567574351e-02
  -6.12171893313958187521e-02+j2.16661202029773125588e-02
  -6.11184846324369646098e-02+j2.28147971187998288567e-02
  -6.09624877664158709711e-02+j2.44696925523646691136e-02
  -6.11041626818404556842e-02+j2.57234806612444827367e-02
  -6.10894209450340910927e-02+j2.71093815884844574482e-02
  -6.09576053894120076238e-02+j2.85157174944789676418e-02
  -6.12076282806041926943e-02+j3.01577050766959481320e-02
  -6.08846490362845577105e-02+j3.16675350429739543845e-02
  -6.08700147344616929179e-02+j3.32149784092011790548e-02
  -6.09270435351885603081e-02+j3.45973138782083439180e-02
  -6.07144414691623487967e-02+j3.62505440905021708575e-02
  -5.99812034742387076292e-02+j3.74513094504285160014e-02
  -6.01788168346149218713e-02+j3.91253939303290998453e-02
  -5.98903083495542915005e-02+j4.06097935435876522536e-02
  -5.94527332547823417208e-02+j4.22664772745924566255e-02
  -5.88933834646878096031e-02+j4.36106334256195493637e-02
  -5.86217801893307854932e-02+j4.50959700679950253877e-02
  -5.80234973366766382252e-02+j4.66854461947167065361e-02
  -5.77030319249977330376e-02+j4.82985817291276819940e-02
  -5.71984288849270439137e-02+j4.98270920932329178243e-02
  -5.64844045828953866817e-02+j5.12888313049195548876e-02
  -5.58276988339145852080e-02+j5.29044835969926866004e-02
  -5.52642012016479056147e-02+j5.43838711418795292540e-02
  -5.46627398495966032588e-02+j5.59954354334624218592e-02
  -5.38085913803217630313e-02+j5.75614961234174465909e-02
  -5.29135437523998997111e-02+j5.92429770720951445750e-02
  -5.23336014740737875961e-02+j6.06076721430912346289e-02
  -5.13308042126159325136e-02+j6.21807481646610080150e-02
  -5.06886601848727247344e-02+j6.35420664500176146650e-02
  -4.94729364459131903953e-02+j6.53201124362026708248e-02
  -4.85716708778534400626e-02+j6.64620783924203817339e-02
  -4.74486651248890445309e-02+j6.79654954959386936597e-02
  -4.66572182731368745312e-02+j6.96694135317012519515e-02
  -4.55355688643483413891e-02+j7.09834283810910210422e-02
  -4.43935224161148000999e-02+j7.21606407967912144574e-02
  -4.30412573401616482816e-02+j7.36562842664916506141e-02
  -4.20830941214229981018e-02+j7.51140173481396888899e-02
  -4.08945679278069906815e-02+j7.63320143014878105259e-02
  -3.95273745911238483242e-02+j7.76103241084896700031e-02
  -3.86394559727120667780e-02+j7.92928619267263268267e-02
  -3.67192798142519094551e-02+j8.06476957886794465491e-02
  -3.54957479735217296124e-02+j8.17516618977439379901e-02
  -3.36325722536847115940e-02+j8.28685261946353335372e-02
  -3.25752308325543138423e-02+j8.42892522792302867352e-02
  -3.08258508418511739668e-02+j8.53882197378887097816e-02
  -2.93752191373888305037e-02+j8.67853464925062156876e-02
  -2.79586469021186889705e-02+j8.80301948400578071485e-02
  -2.61517814425101247089e-02+j8.90282081658908541755e-02
  -2.46387044747890318619e-02+j9.01257339813946733997e-02
  -2.25965187922392979347e-02+j9.11037105092439014609e-02
  -2.11974375245841117898e-02+j9.23306914703818093493e-02
  -1.90608780375311620547e-02+j9.33535657070484470310e-02
  -1.75584485013692802313e-02+j9.40951953472905500142e-02
  -1.54928350060747743039e-02+j9.51295744302154966388e-02
  -1.36766155288532975653e-02+j9.58570302947819030681e-02
  -1.19232450911518645525e-02+j9.71070385679883019137e-02
  -1.01938944120830068257e-02+j9.76441229821590761517e-02
  -7.75470426584654037860e-03+j9.80950718658269438244e-02
  -5.85520550790502233851e-03+j9.91388492205366733678e-02
  -3.65533628431356436006e-03+j1.00163847866545807630e-01
  -1.77082746449903211117e-03+j1.00445970704940767959e-01
  +3.69909674586992032186e-04+j1.00924610712025103476e-01
  +2.65469531902221000941e-03+j1.02059428210705765983e-01
  +4.43806266487311446012e-03+j1.02469128707210588303e-01
  +6.53411196799724008910e-03+j1.02712426865314426783e-01
  +8.73385739547287431872e-03+j1.03145105494015565384e-01
  +1.11898129756793709988e-02+j1.03508730191135850385e-01
  +1.32146543316721751249e-02+j1.03875670261742519829e-01
  +1.54205464544817372197e-02+j1.04427736176565977289e-01
  +1.77057637468085171673e-02+j1.04682761197330387315e-01
  +2.03119948710351883037e-02+j1.05083549039868273667e-01
  +2.20839864510828376432e-02+j1.04977623481734172461e-01
  +2.47111708024209397738e-02+j1.05026750552792452753e-01
  +2.70055629430385538137e-02+j1.05103564665227522390e-01
  +2.94031731797108272786e-02+j1.05239414914786888477e-01
  +3.21124204011512606738e-02+j1.04708096570769126910e-01
  +3.40420353273597001142e-02+j1.04895185005006219559e-01
  +3.67088771281828263326e-02+j1.04531577294002642198e-01
  +3.87054491459051519531e-02+j1.04354463592687018991e-01
  +4.17277602091730287492e-02+j1.04432550015008562827e-01
  +4.39344330316145323390e-02+j1.03805137860685819939e-01
  +4.63475789490301812168e-02+j1.03320896976960202585e-01
</dep>
<dep S[2,1] frequency>
  +7.37526245539835567655e+00+j6.90647899329024195225e+00
  +8.73781632382477368992e+00+j6.45620859764260401903e+00
  +9.97870962939505901090e+00+j5.75888877346944205726e+00
  +1.10297799432399816766e+01+j4.88772569421582225857e+00
  +1.19234761006432883335e+01+j3.85577464470417830000e+00
  +1.26060607888439566437e+01+j2.72552681604637347945e+00
  +1.30903787704832268446e+01+j1.55629898162902691183e+00
  +1.34072918388989972271e+01+j3.62790655159598351975e-01
  +1.35126145951338187956e+01-j8.00430534461087472842e-01
  +1.34948207787915706035e+01-j1.91579165293754538624e+00
  +1.33653531423457092586e+01-j2.97771492710965013373e+00
  +1.31209490414528442415e+01-j3.97144532027378716066e+00
  +1.27886894923105742805e+01-j4.89375846114282886390e+00
  +1.23763667133225467865e+01-j5.74754387922775045183e+00
  +1.19212185609408933828e+01-j6.51046004059818450571e+00
  +1.14035262880279475439e+01-j7.20622467449176973275e+00
  +1.08585925770752140807e+01-j7.81994582133511251243e+00
  +1.03184700025309794569e+01-j8.32595569305636118429e+00
  +9.76526848973634287177e+00-j8.83288917052491129311e+00
  +9.20372691836227296847e+00-j9.26820639134272639126e+00
  +8.62942717023028471601e+00-j9.66506019256721593536e+00
  +8.04613453490090790865e+00-j1.00037971890090702232e+01
  +7.47004114804554930629e+00-j1.02778568256789260005e+01
  +6.91055428909356006528e+00-j1.05403469713889634818e+01
  +6.34220148553259033264e+00-j1.07411844541193737257e+01
  +5.77764653129230065787e+00-j1.09259052889567627176e+01
  +5.23156119567204402898e+00-j1.10724546061917052953e+01
  +4.68105567163738456316e+00-j1.11794608798196648536e+01
  +4.14577874847789384916e+00-j1.12557708040921653492e+01
  +3.61914988485483890557e+00-j1.13062210288470250674e+01
  +3.11134953882098885813e+00-j1.13576004038911033689e+01
  +2.61673402843498870141e+00-j1.13433524259600613249e+01
  +2.13168604683553519763e+00-j1.13358438766390783314e+01
  +1.64981574616569903746e+00-j1.13090758604267893617e+01
  +1.19017172168700935408e+00-j1.12481830394357071867e+01
  +7.37996118369968590045e-01-j1.11700259276069928660e+01
  +3.03894381096637022921e-01-j1.10875842854237642854e+01
  -1.15085518930306829333e-01-j1.09894558024503883331e+01
  -5.22448279687104832902e-01-j1.08767606672100658471e+01
  -9.18668577996970991961e-01-j1.07378261034454869360e+01
  -1.30875000191501400515e+00-j1.05977427874337610803e+01
  -1.69172244597175680525e+00-j1.04565730808899175486e+01
  -2.04878866475613818920e+00-j1.02811988090114692085e+01
  -2.38958091748405232480e+00-j1.01086386453260335117e+01
  -2.71784949257347907547e+00-j9.91438576297512952351e+00
  -3.04101955226369868868e+00-j9.73366409250164643652e+00
  -3.34736095111888154463e+00-j9.52125587663393169180e+00
  -3.64483531739910038283e+00-j9.32446777659884773470e+00
  -3.92529599488240910077e+00-j9.11005828349486712625e+00
  -4.18937952559264914498e+00-j8.87873873660792867213e+00
  -4.45304114995994559933e+00-j8.66096246654221957328e+00
  -4.69872633667844930017e+00-j8.42809340003937990105e+00
  -4.93853742463663270001e+00-j8.18670704572286389578e+00
  -5.15535296072163706782e+00-j7.94765470440516352824e+00
  -5.36771414187532425188e+00-j7.70016442629071651282e+00
  -5.56714038506315489485e+00-j7.46345332328276267475e+00
  -5.75825134268257166070e+00-j7.20807500618105745360e+00
  -5.93866967814430513073e+00-j6.96312650083119422106e+00
  -6.10505645309919753316e+00-j6.70466633764715513877e+00
  -6.26873187364273665168e+00-j6.45078217073044957175e+00
  -6.41634404792722889965e+00-j6.20052127650254281122e+00
  -6.54839587315457283268e+00-j5.93980571629116038679e+00
  -6.67671270739437883179e+00-j5.68634781310283266009e+00
  -6.78637011904747389224e+00-j5.42719111270673604253e+00
  -6.89334680735666971430e+00-j5.15875895187954469634e+00
  -7.00001384235304691117e+00-j4.91057171368136202716e+00
  -7.08281233344130534135e+00-j4.64899973934048293955e+00
  -7.16275081937209456839e+00-j4.39622066392037869065e+00
  -7.23112382517462481957e+00-j4.12957973971308600625e+00
  -7.30120622719490874886e+00-j3.88375492997604565559e+00
  -7.34777810060141334247e+00-j3.62671232342978955288e+00
  -7.39467695889012244237e+00-j3.37462553099141704394e+00
  -7.43249430707174418842e+00-j3.12585946735536435170e+00
  -7.46157929495358906991e+00-j2.88068012340570334118e+00
  -7.49228388839462766668e+00-j2.63844965533201314400e+00
  -7.49871689392376872263e+00-j2.39026200498197249900e+00
  -7.51461573200926391536e+00-j2.15052386427030306493e+00
  -7.51430340798419749149e+00-j1.91118236730168566950e+00
  -7.50695035617946082596e+00-j1.67387567262459113770e+00
  -7.49166975120320000059e+00-j1.44402427818721834640e+00
  -7.47873064181468993894e+00-j1.21664876111175601636e+00
  -7.45037631394704025212e+00-j9.92768987130024038734e-01
  -7.42521421188011920833e+00-j7.64701772514282174242e-01
  -7.38449777849483890435e+00-j5.44875262321735998050e-01
  -7.34626103026938981344e+00-j3.28452690205754072039e-01
  -7.29361419611121686302e+00-j1.18397149308490434727e-01
  -7.23543671660354270614e+00+j9.21909898004159011897e-02
  -7.18838756731927830401e+00+j2.96255594152072310177e-01
  -7.11961699561301131212e+00+j4.94106204674565119284e-01
  -7.05354486817842118995e+00+j6.94092029080136119212e-01
  -6.97466696467897406819e+00+j8.86052724446659056845e-01
  -6.89863257601918533624e+00+j1.07783003828318046935e+00
  -6.81880398842838708617e+00+j1.26009801696771406299e+00
  -6.73377855643942169195e+00+j1.44236780290642396807e+00
  -6.64397178174566871434e+00+j1.62208294858403734295e+00
  -6.55099612098666206350e+00+j1.79337873268745284783e+00
  -6.44552324847195468038e+00+j1.96198667641446045096e+00
  -6.34499398313653450998e+00+j2.12423675036410353201e+00
  -6.24794090584724681747e+00+j2.28518526017112089121e+00
  -6.13957037980328390603e+00+j2.44074963391552124392e+00
  -6.02815288425045014975e+00+j2.59114527830340435344e+00
  -5.91294832586492447035e+00+j2.73842993159994696484e+00
  -5.79552775129549679889e+00+j2.87944692532360901893e+00
  -5.67512225025627259356e+00+j3.01624562057905531987e+00
  -5.55131861248029512268e+00+j3.14974434567968231136e+00
  -5.42818906075782692255e+00+j3.27320097237597718021e+00
  -5.30957408327661362080e+00+j3.40868597989709876117e+00
  -5.17110578519847763346e+00+j3.52616685213067304616e+00
  -5.03954043943195095778e+00+j3.63864395960046227430e+00
  -4.91026770637732834501e+00+j3.75282535374517411952e+00
  -4.77454204508621860015e+00+j3.85669912724531904757e+00
  -4.64167732118333908886e+00+j3.96156563387117532926e+00
  -4.50232572594964697288e+00+j4.05675894123134295199e+00
  -4.36071876431273786068e+00+j4.14830467784619827398e+00
  -4.22475706885671797863e+00+j4.23805042671849019342e+00
  -4.08499200317773603075e+00+j4.32580332913060328082e+00
  -3.94525887714485490321e+00+j4.40788487771010828453e+00
  -3.80138487912964961879e+00+j4.47926857135292699752e+00
  -3.65453633319885140551e+00+j4.55671541261052848171e+00
  -3.51371819455443468172e+00+j4.62412319420060580200e+00
  -3.36485247416225252692e+00+j4.68441278673481331651e+00
  -3.22164430972317772373e+00+j4.74406692925242889913e+00
  -3.07774464600574315654e+00+j4.79960598721670272937e+00
  -2.92481464902009591356e+00+j4.84852065210947724694e+00
  -2.77913005191269535388e+00+j4.89613222707379946996e+00
  -2.63652480907076647298e+00+j4.93777218736448109127e+00
  -2.48937321640256969957e+00+j4.97767154215937956963e+00
  -2.34730796905414029752e+00+j5.01096593835177550602e+00
  -2.20173601136857488569e+00+j5.04197310754984684422e+00
  -2.06066022789889480293e+00+j5.06718124712720019431e+00
  -1.91091684126978655911e+00+j5.09200564525089305334e+00
  -1.76880441899379214910e+00+j5.11666525970296870440e+00
  -1.62122014766959088305e+00+j5.12625048709531316860e+00
  -1.48413298797397552597e+00+j5.14189935462308067571e+00
  -1.33768668578604899011e+00+j5.15019555829334763075e+00
  -1.19461062812086882268e+00+j5.15390324351595641161e+00
  -1.05410703904876190684e+00+j5.15347211153247286575e+00
  -9.12670771685120341132e-01+j5.14973002453320738425e+00
  -7.75783032138904760089e-01+j5.14176470952666164749e+00
  -6.42615135980049823061e-01+j5.13002045547992491237e+00
  -5.06665962574129213891e-01+j5.12135636217944156812e+00
</dep>
<dep S[2,2] frequency>
  +2.43055078853447459331e-01-j5.98800059350198393693e-02
  +2.44684518761823510680e-01-j1.04518250639343543429e-01
  +2.34695630722487780240e-01-j1.45347383610145736155e-01
  +2.16938685809620612766e-01-j1.80426000457047763792e-01
  +1.90223124628586259810e-01-j2.11041858126346959512e-01
  +1.61684364533486002458e-01-j2.34025118701478324068e-01
  +1.28601461048267307063e-01-j2.49695166108810401306e-01
  +9.67226026709216979427e-02-j2.58558773077039949495e-01
  +6.53193022842195603062e-02-j2.63351663177919526060e-01
  +3.51407988918340796758e-02-j2.61280607799590336437e-01
  +6.65295650298258767208e-03-j2.55772077398016495220e-01
  -1.82489400689617164986e-02-j2.48503278870452315452e-01
  -4.14491233027967087565e-02-j2.36275186829140504408e-01
  -6.00567193813612565378e-02-j2.23822184097496712507e-01
  -7.68224658190337361674e-02-j2.08909855741567146437e-01
  -9.08025135608570010959e-02-j1.94372222524634374885e-01
  -1.01822595633855650377e-01-j1.82713900768960407772e-01
  -1.16606832646670599551e-01-j1.67027694839950557881e-01
  -1.24407157795867084893e-01-j1.49265127145277343157e-01
  -1.30051011904980029499e-01-j1.33268223323280976533e-01
  -1.34897300236473283164e-01-j1.16810502978850427880e-01
  -1.38445450635967137742e-01-j1.03043784346732281154e-01
  -1.40501428628482027960e-01-j9.08248960896691631683e-02
  -1.39378793816596124877e-01-j7.69729701857077702742e-02
  -1.39671513956607373785e-01-j6.31521685894657763827e-02
  -1.38616159836062236010e-01-j5.16059732182114760946e-02
  -1.34990826797317886587e-01-j3.99092337514452832892e-02
  -1.31544028394142253902e-01-j2.98860699982606836667e-02
  -1.28503180337838363023e-01-j2.07439303781676021021e-02
  -1.25191350904557796575e-01-j1.01606277210302131664e-02
  -1.21575240811406026786e-01-j3.24726089661869776748e-03
  -1.15102070241805076733e-01+j5.04559246748656486936e-03
  -1.11404488962429271126e-01+j1.22204531818066175486e-02
  -1.05735383491546097723e-01+j1.81116693692223718060e-02
  -1.01883897858872529696e-01+j2.31100567193242012465e-02
  -9.60880858002852722421e-02+j2.85173222799927350568e-02
  -9.19235144921025648657e-02+j3.41495280678496826443e-02
  -8.55905447496035920452e-02+j3.82685748072090214933e-02
  -8.01120088709259547954e-02+j4.22561413047010114852e-02
  -7.37000595191580343268e-02+j4.60350247477603335966e-02
  -6.82724665954952403268e-02+j4.81787748468005538882e-02
  -6.36675381179284682887e-02+j4.94746550612838453809e-02
  -5.80585095066934453456e-02+j5.19285352166440894450e-02
  -5.19145811101220377992e-02+j5.35155943708429671091e-02
  -4.87230313987813135057e-02+j5.53043355103169931297e-02
  -4.39855893290851396316e-02+j5.60969014917818142862e-02
  -3.98272778074679756344e-02+j5.71548155807363178482e-02
  -3.40596385671765311542e-02+j5.76835758253995689593e-02
  -2.92452888514899145278e-02+j5.76456134190550528729e-02
  -2.61211504531962956932e-02+j5.63246755486367933763e-02
  -2.19084709874718397415e-02+j5.57605438051061441662e-02
  -1.72193260406603432244e-02+j5.42165231271954928260e-02
  -1.45900374549214895126e-02+j5.37744399802763672902e-02
  -9.98007620216079249786e-03+j5.25165556979321768161e-02
  -6.57076439292181291307e-03+j5.12219066397785471878e-02
  -3.20588360792550819411e-03+j4.94411895687943969691e-02
  +7.49237831862981096265e-05+j4.76979225669083573003e-02
  +2.30708201799290080203e-03+j4.61805095474756011065e-02
  +4.26653631875884009617e-03+j4.62551735159795751606e-02
  +6.44528999873306140955e-03+j4.23673999695589054149e-02
  +9.52405163882397154396e-03+j4.02895736871146104008e-02
  +1.13444573275642834886e-02+j3.91754507097651916148e-02
  +1.38920970799742971025e-02+j3.52491003016279225157e-02
  +1.63691292986540837262e-02+j3.54910927451103086483e-02
  +1.70424031215550275675e-02+j3.28220249442088274350e-02
  +1.86684163577981454551e-02+j2.95990950867918156675e-02
  +2.04665780264587926496e-02+j2.73482869837917696998e-02
  +2.13617447740466204209e-02+j2.52513806846395016947e-02
  +2.15510812892241165883e-02+j2.31917255361293594973e-02
  +2.21551087617233299909e-02+j2.05733905136333827812e-02
  +2.24267125093593477914e-02+j1.93923975529956549302e-02
  +2.42570142018709855591e-02+j1.66900910053972006963e-02
  +2.42316217952180945616e-02+j1.44564122655254090333e-02
  +2.43372235553527271890e-02+j1.16395598780028031172e-02
  +2.40395554190040439124e-02+j9.82994419895427684608e-03
  +2.39905060821672400095e-02+j8.37316230322510124395e-03
  +2.36589097796464642443e-02+j5.64071114435227283224e-03
  +2.33055968725612849823e-02+j3.38745736084872239857e-03
  +2.29644374013651120237e-02+j1.87591552841989694933e-03
  +2.26174693739042975693e-02+j3.63200579305278381526e-04
  +2.12858281438061958113e-02-j2.67770308542769619464e-03
  +2.13718985340809464191e-02-j4.18137995274234230969e-03
  +1.93032280150822188602e-02-j5.97534723095143049942e-03
  +1.89690876132966312895e-02-j7.16403770394867522864e-03
  +1.73091189318301807987e-02-j9.40982294171384403558e-03
  +1.62595057503400752807e-02-j1.07211686736261788133e-02
  +1.46994204247907767069e-02-j1.14308306621949545834e-02
  +1.42745167796531902127e-02-j1.30847687389912814560e-02
  +1.21632703695933042098e-02-j1.47814893892330434522e-02
  +1.09594563694037638868e-02-j1.59103888664877124448e-02
  +9.99296268810767607249e-03-j1.71903262558397718074e-02
  +8.13374173512904086181e-03-j1.83202908338038761293e-02
  +6.75290587877963588426e-03-j1.89958308941082787413e-02
  +4.25933317521853815890e-03-j1.98005601912948359100e-02
  +2.39107408925232078900e-03-j2.01118588819212407159e-02
  +7.65323952615748481776e-04-j2.10723882537471318699e-02
  -1.06793082010736561926e-03-j2.14517388181900692246e-02
  -2.96283318738455037078e-03-j2.09753905669683993196e-02
  -4.56322098941286391494e-03-j2.23689902612268509685e-02
  -6.11907701059766218066e-03-j2.14811867455777516511e-02
  -8.16363918822204936987e-03-j2.23807864163231284849e-02
  -9.08060382214581629512e-03-j2.27146258891831598348e-02
  -1.12935729593606204446e-02-j2.26316160557359369321e-02
  -1.35577478422430619531e-02-j2.27162820340042204137e-02
  -1.56128802786188458640e-02-j2.23057887263918841469e-02
  -1.76393137778327879772e-02-j2.22313528748527833301e-02
  -2.00104426248033373525e-02-j2.13686693827627172126e-02
  -2.16045942554621284160e-02-j2.06530140848774079743e-02
  -2.31902935777472674062e-02-j2.01022357040389065830e-02
  -2.47388455524644168548e-02-j1.94047060113843317097e-02
  -2.60378596532366834992e-02-j1.80093060042926245146e-02
  -2.70986953453751233667e-02-j1.73436696595008488231e-02
  -2.95084065278101714824e-02-j1.68927850392285305858e-02
  -3.09605881622305734169e-02-j1.67403275708426502177e-02
  -3.25528914621375786709e-02-j1.56037186563519059135e-02
  -3.45497101076917001450e-02-j1.47937512517015701263e-02
  -3.69651811161814114470e-02-j1.31045803195274368491e-02
  -3.79161111974636311217e-02-j1.19840123052322722330e-02
  -4.05668579751400359967e-02-j9.38797271933389243515e-03
  -4.15483092856091529299e-02-j8.52108623569503009776e-03
  -4.26066410270539153160e-02-j7.14519637423893794193e-03
  -4.37795214261716969517e-02-j4.44696161912594423171e-03
  -4.47349740437125165116e-02-j3.53643141751103229353e-03
  -4.58007073321431423807e-02-j1.11134670508072908035e-03
  -4.61266810701778107173e-02+j6.84353295320794252632e-04
  -4.73375134036400080362e-02+j1.74406093441981102643e-03
  -4.84812832644658797676e-02+j3.16913335333113277414e-03
  -4.98423862963743857790e-02+j4.01022318324351090268e-03
  -5.03445209898880641219e-02+j5.98539798740072015448e-03
  -5.23098952114940951574e-02+j8.31315228503759495737e-03
  -5.30922386851653271833e-02+j1.17994346453115239726e-02
  -5.32509198354720325597e-02+j1.40794432017179449446e-02
  -5.48368321776925293776e-02+j1.53726383620078621561e-02
  -5.49094723612857382733e-02+j1.76506480885330052644e-02
  -5.46136938462289389662e-02+j2.12820093851383562722e-02
  -5.45243379242159598164e-02+j2.31217497921673009742e-02
  -5.43599808149097807330e-02+j2.55103687942581647263e-02
  -5.48930847861552884126e-02+j2.72969464509201786839e-02
  -5.54035461175854671012e-02+j2.92727933684603924824e-02
  -5.48037283096772798174e-02+j3.11202001608839040614e-02
  -5.59369251265406930429e-02+j3.32789733598137238424e-02
</dep>
